2500
28
43
47
39
30
20
34
18
8
14
29
43
6
28
19
27
12
15
3
38
14
50
45
48
33
13
28
33
3
45
36
15
23
37
50
32
11
22
48
31
49
14
39
35
50
15
49
1
44
30
37
6
30
15
23
16
18
44
25
9
19
4
33
8
2
34
11
27
46
29
41
30
27
34
35
19
17
7
48
50
25
41
46
16
48
42
8
45
30
23
50
24
31
19
32
43
17
13
19
13
37
48
6
2
4
2
38
44
2
34
33
4
48
19
45
6
25
15
48
21
2
42
28
6
4
19
7
35
39
26
12
26
6
17
16
12
46
32
46
20
2
45
14
39
1
30
3
39
1
25
24
6
14
8
26
27
5
25
12
33
25
23
44
46
3
47
45
30
42
9
5
43
4
15
15
48
48
33
44
7
21
14
29
35
32
16
25
21
18
50
10
30
5
6
21
36
35
30
14
8
35
4
7
45
28
39
27
14
42
26
6
27
10
43
26
8
17
11
4
29
39
2
14
2
45
12
40
31
40
14
23
10
17
37
50
14
10
45
49
39
41
48
19
4
19
49
17
36
11
44
44
44
47
33
18
17
46
38
10
18
22
34
8
25
3
48
2
28
2
20
21
19
3
5
43
24
21
45
45
46
3
43
44
20
31
35
7
33
32
14
8
19
44
15
18
29
16
24
19
11
21
30
8
21
16
41
4
5
35
35
17
41
27
9
6
20
36
6
25
9
19
3
18
15
24
5
23
17
26
7
44
39
27
26
45
21
34
2
26
42
31
41
45
33
17
15
47
16
1
38
35
43
8
28
24
19
2
1
28
17
5
3
32
14
8
29
38
29
32
37
31
16
38
49
25
5
5
7
34
37
16
32
12
12
36
48
14
48
44
25
37
32
8
17
50
35
32
16
9
14
29
20
38
13
8
36
8
12
12
28
21
17
22
24
11
39
4
4
49
31
25
19
8
38
37
7
31
18
12
45
26
11
14
31
14
9
45
19
30
28
30
12
29
44
9
35
18
41
21
43
40
20
21
22
34
11
35
3
3
1
27
26
5
3
6
24
26
35
32
17
1
4
34
40
34
36
6
24
49
43
48
19
36
40
8
50
45
9
7
43
14
7
50
49
15
33
21
8
29
20
11
49
32
42
19
4
14
35
35
22
20
36
6
49
24
15
9
33
38
31
45
30
6
50
25
20
37
12
13
25
9
26
6
3
45
44
45
31
39
23
47
13
40
29
19
19
14
50
35
50
42
10
45
37
15
39
34
44
6
42
37
14
44
22
47
10
12
19
2
46
42
49
30
35
5
38
9
20
45
46
41
1
33
8
12
35
30
3
18
47
32
25
10
13
24
42
9
23
33
21
5
25
40
36
46
35
31
25
21
28
2
3
40
36
13
36
12
10
13
16
21
40
39
5
33
13
6
14
50
14
14
26
20
45
30
13
4
10
50
2
23
16
44
34
41
49
14
15
15
31
28
40
17
20
49
40
28
30
3
41
11
14
13
38
20
42
28
31
9
46
9
1
41
40
13
50
44
40
20
8
36
47
18
34
47
16
18
7
21
43
28
8
43
40
44
9
13
41
4
24
27
21
27
29
13
37
26
50
9
6
27
47
41
20
16
3
48
12
6
2
10
26
39
2
31
33
34
8
50
3
43
42
34
21
4
11
17
22
31
44
12
32
37
28
1
31
10
38
4
29
35
22
18
33
43
29
23
27
43
34
20
7
12
37
26
44
23
49
23
13
46
20
49
26
29
8
11
18
13
27
28
39
42
20
45
28
29
11
1
20
48
7
5
47
11
30
49
37
15
30
40
11
5
48
17
1
14
46
30
47
30
1
2
7
35
25
13
17
30
10
3
43
12
35
7
31
10
8
25
38
16
49
18
2
3
27
10
4
39
43
10
9
30
17
36
4
35
23
23
4
18
25
38
28
16
44
18
21
20
27
37
46
21
11
27
29
39
23
9
7
10
36
6
34
42
32
34
45
23
11
32
38
47
10
44
24
41
43
50
18
24
7
35
40
22
10
18
49
18
29
37
10
45
2
1
1
36
50
49
8
39
15
47
10
43
13
1
34
47
27
44
8
4
44
14
13
42
4
42
26
37
35
44
44
4
4
21
13
38
8
42
5
46
26
16
20
17
39
46
46
1
6
5
26
2
41
31
49
20
10
22
2
20
25
45
6
21
32
35
12
13
38
15
12
18
48
41
10
1
10
25
20
14
36
27
23
21
50
45
39
1
11
35
45
7
43
9
3
34
8
28
41
25
41
49
31
14
42
49
13
30
48
39
30
28
22
31
39
15
47
32
16
36
47
39
45
7
8
1
10
34
39
13
19
35
50
13
34
4
34
4
43
48
27
24
6
3
8
24
23
8
26
37
45
22
2
21
13
44
40
35
16
10
39
17
20
6
4
16
10
33
13
49
36
26
15
18
28
22
8
46
33
43
37
40
31
19
31
26
11
2
30
4
38
23
10
47
10
40
24
37
16
8
38
19
32
31
19
23
17
42
9
38
37
29
18
16
40
5
30
36
23
7
27
46
17
36
39
12
12
7
22
4
1
50
14
30
32
36
35
46
35
50
25
22
24
5
12
41
15
33
17
7
49
49
31
50
43
29
47
10
3
26
25
20
2
47
39
6
17
30
44
24
42
18
10
2
15
32
50
35
14
20
46
37
10
28
32
45
25
7
11
9
37
47
9
31
32
19
16
17
40
34
42
46
12
21
11
12
2
42
31
48
49
9
10
24
6
15
50
8
10
2
2
22
29
23
30
20
24
38
50
38
37
1
2
28
27
41
27
25
11
33
47
46
14
41
40
41
40
48
25
16
29
46
1
42
32
5
46
25
16
42
43
27
4
22
1
49
21
30
41
39
24
23
1
37
46
11
39
33
41
9
43
43
34
31
50
37
50
2
29
3
26
12
20
6
20
27
22
3
30
42
37
36
16
6
32
20
17
4
25
1
33
12
13
36
17
3
9
23
34
13
4
16
31
26
24
24
35
11
39
50
29
48
2
46
37
11
19
37
48
17
15
18
3
13
38
33
39
29
26
37
13
12
44
8
36
5
50
17
20
22
21
39
34
2
49
9
49
45
3
45
30
22
23
31
48
13
17
22
23
47
25
33
15
32
36
4
1
44
40
33
28
14
20
29
34
39
20
47
2
16
31
42
4
34
32
21
9
37
9
40
11
21
3
29
36
12
31
43
33
39
45
1
46
12
30
24
39
5
29
17
45
6
23
13
7
16
48
50
48
32
25
15
9
8
48
4
47
29
22
5
38
38
48
3
50
14
45
36
48
36
23
18
29
32
23
50
27
3
40
40
50
16
28
8
29
34
26
33
29
38
29
5
17
28
13
2
26
28
1
12
7
26
5
25
12
23
41
32
23
7
31
15
30
1
19
43
18
46
21
47
40
15
40
26
17
20
1
5
47
19
35
46
26
13
40
22
5
25
27
5
5
16
14
1
35
27
4
3
24
27
47
18
28
48
37
47
19
38
40
5
6
4
16
22
6
38
13
30
9
27
48
20
43
12
17
38
7
6
40
30
43
43
5
47
29
27
42
24
50
17
7
41
5
41
14
18
37
35
11
19
22
47
38
25
9
10
32
43
25
10
6
27
38
16
12
11
44
13
38
16
22
47
19
7
6
24
41
24
28
28
47
47
41
9
42
23
43
39
50
5
46
18
45
30
5
21
24
14
36
32
9
13
28
40
20
9
41
21
26
28
23
25
43
40
22
33
22
7
15
24
26
7
30
21
30
26
27
20
38
10
22
31
34
45
41
31
14
46
49
4
2
25
29
21
3
43
14
48
42
44
7
2
50
29
44
44
12
5
42
23
7
46
1
26
50
13
19
9
3
12
15
36
35
33
22
18
3
22
43
42
50
22
17
13
17
41
45
47
28
3
33
31
9
7
6
27
47
46
6
28
7
46
35
31
10
35
2
15
1
8
14
8
12
41
36
34
6
16
41
9
25
43
50
45
48
28
18
42
22
9
39
8
27
19
19
37
47
3
27
36
21
43
1
30
14
37
24
34
34
11
8
25
7
47
1
39
7
23
42
11
25
15
16
20
6
44
23
27
29
37
49
45
18
22
17
34
49
24
15
48
17
5
20
37
37
48
48
10
40
31
17
2
31
2
8
22
38
22
31
18
26
4
32
10
40
19
1
31
49
45
1
32
48
34
23
32
2
5
48
5
36
15
47
46
44
39
9
27
12
24
45
22
15
8
8
31
32
39
48
38
42
32
3
28
38
39
32
33
40
28
14
20
17
27
1
18
18
24
6
30
5
42
6
41
34
29
38
49
42
24
38
19
33
49
44
37
23
25
16
10
5
39
17
16
17
13
26
12
49
21
4
28
11
43
32
41
36
21
9
32
34
33
22
18
28
16
40
31
35
34
2
37
11
47
35
18
26
22
44
48
42
35
47
1
20
48
29
22
41
49
15
24
39
12
4
22
49
10
32
49
32
41
37
28
6
20
10
46
21
42
38
3
22
1
48
50
15
41
40
20
49
26
9
44
19
6
49
47
24
3
23
12
11
43
34
43
9
9
10
42
18
16
47
6
11
15
38
5
38
45
13
42
48
11
22
14
19
26
5
44
11
18
29
48
42
11
7
4
4
46
22
27
33
20
45
2
19
34
25
7
19
42
39
11
3
46
12
1
16
3
38
46
26
48
24
33
42
20
4
29
17
8
2
18
36
16
23
49
35
7
31
36
25
9
8
25
18
38
46
18
15
43
24
25
48
34
10
38
3
35
45
13
11
24
41
42
12
30
47
44
40
31
47
40
27
33
28
3
24
2
36
13
7
23
49
21
40
44
11
50
16
45
28
13
19
4
12
33
5
12
32
13
4
8
27
26
34
44
35
14
32
41
12
40
32
19
16
7
9
15
31
42
8
37
15
23
49
11
24
39
3
6
44
29
6
36
24
49
44
25
39
21
41
32
37
25
41
40
30
46
11
33
27
13
24
34
22
10
15
4
7
44
43
38
39
40
10
47
11
39
28
41
29
36
36
38
43
26
3
11
8
18
12
26
9
11
36
32
15
1
42
39
19
22
30
22
27
45
19
48
14
21
6
50
17
34
17
34
25
42
2
15
5
33
29
33
29
19
18
6
41
9
14
49
26
33
42
39
40
47
21
21
48
37
32
36
8
40
26
28
28
37
12
37
19
36
46
24
50
49
23
15
28
15
6
2
42
34
8
45
15
5
50
33
36
9
5
27
31
33
10
47
20
38
14
50
15
28
21
35
21
2
24
1
19
22
28
9
36
48
18
4
23
3
41
7
36
43
16
24
1
11
46
36
46
44
14
35
35
33
33
18
46
27
1
21
1
40
30
28
30
47
49
15
14
2
9
16
24
17
33
11
45
46
37
20
2
47
17
13
30
43
1
29
6
38
38
3
5
20
33
35
33
26
17
7
40
4
26
23
46
27
27
25
23
11
7
43
37
23
10
1
31
46
31
15
44
24
34
22
12
43
29
3
32
41
5
30
19
21
3
18
13
49
33
23
41
36
1
50
13
32
27
4
21
50
16
30
36
19
23
21
34
31
49
18
38
40
41
7
11
41
29
18
46
23
34
42
16
29
44
7
33
7
22
26
16
5
27
16
29
5
7
43
10
11
37
