9
278 615 449
52 643 427
847 208 683
763 918 806
317 107 784
782 996 830
564 830 941
404 244 886
406 774 490
7
177 36 295
703 946 627
870 467 611
184 977 594
387 776 970
505 994 333
972 261 973
19
663 240 11
560 397 442
613 840 816
158 346 68
716 581 343
509 508 592
400 181 326
132 571 740
366 909 880
313 138 965
936 347 523
394 284 538
696 970 976
882 254 717
492 931 439
156 897 218
873 869 420
654 982 906
302 787 461
19
114 445 695
186 453 828
808 923 31
171 69 186
554 890 218
287 171 113
881 328 636
169 310 800
511 90 228
31 569 232
950 863 382
897 636 174
519 663 69
514 994 273
377 355 645
207 939 184
284 689 295
946 218 552
602 740 891
8
657 72 606
347 619 177
920 583 176
324 861 678
295 772 504
712 280 937
125 733 101
895 823 343
20
410 880 830
624 412 287
635 712 116
46 872 807
542 219 675
844 29 140
1 279 529
63 162 83
656 730 95
877 470 773
360 538 231
226 82 930
967 149 5
861 296 845
655 84 719
309 786 677
186 830 174
574 299 739
122 574 128
188 925 790
27
581 479 602
741 798 721
731 74 848
760 790 309
452 536 139
181 700 985
945 840 301
226 500 534
203 557 143
193 76 983
131 563 714
468 409 218
157 975 342
300 329 585
522 18 137
699 253 471
671 652 246
635 520 464
353 865 618
590 22 421
862 25 439
167 324 659
615 140 932
46 311 151
489 439 997
82 404 406
400 88 328
24
767 262 770
992 484 898
480 890 335
28 572 696
32 616 445
613 995 569
778 485 215
961 925 918
619 580 197
58 869 659
76 633 450
556 572 81
487 348 123
854 765 261
642 484 967
1000 132 500
216 895 667
785 103 473
28 991 405
55 483 768
841 59 133
209 114 690
304 351 323
996 107 296
6
636 910 496
30 975 625
591 865 513
751 683 339
56 366 536
574 368 653
22
387 432 181
233 231 255
398 486 620
387 329 146
134 91 3
979 787 44
670 704 726
1000 140 217
77 898 884
416 376 382
925 642 261
210 791 497
234 587 183
248 495 260
296 556 890
605 300 596
726 278 235
655 689 974
970 855 323
992 535 958
524 524 640
861 152 669
2
950 367 658
365 808 644
16
668 891 595
46 431 354
952 599 815
482 733 309
867 341 578
424 383 435
698 878 286
704 609 319
147 714 904
567 96 323
368 612 724
143 672 923
32 775 449
919 615 971
413 793 643
269 397 127
12
124 686 239
226 821 535
81 541 438
344 317 135
735 573 489
678 653 998
436 196 254
540 636 102
555 104 59
618 321 135
328 866 771
411 841 458
19
454 863 954
917 608 322
249 146 929
457 576 45
165 314 941
735 901 54
83 78 824
602 27 434
366 674 966
716 586 996
620 863 101
155 946 116
679 629 295
474 454 853
75 881 141
589 474 625
601 101 814
695 206 884
319 997 807
28
859 294 352
4 140 979
545 801 27
456 880 666
964 998 837
201 710 699
282 617 935
509 693 829
529 945 423
425 540 108
473 551 905
585 558 349
200 935 584
855 45 41
858 994 11
978 650 872
853 704 146
181 103 974
988 529 274
770 711 222
26 122 353
226 375 828
108 659 827
473 663 124
479 430 437
796 621 60
417 885 657
307 643 632
17
178 407 830
9 83 643
2 300 659
300 870 219
885 883 232
287 67 536
51 785 779
40 517 508
610 239 505
800 329 416
281 986 425
232 37 360
867 251 154
213 309 836
619 324 907
313 709 807
541 991 491
8
98 180 841
668 905 595
302 282 259
837 538 521
675 885 293
501 474 680
560 927 397
609 21 407
20
131 666 254
727 772 826
414 226 724
390 241 348
674 440 284
6 971 153
63 410 304
186 931 649
281 907 923
744 568 194
383 244 178
600 608 959
546 545 605
555 889 917
72 281 462
627 787 199
425 53 335
877 480 563
475 60 920
249 983 500
22
826 236 327
544 446 11
948 30 660
903 657 44
546 716 325
816 780 775
545 812 306
145 237 358
550 671 411
515 948 135
601 499 434
396 274 122
786 438 384
231 461 581
219 251 17
668 763 520
583 364 159
761 817 467
16 305 711
101 296 666
446 856 489
927 336 750
7
313 907 859
978 683 634
670 3 480
228 237 137
119 908 987
350 267 560
344 712 946
27
294 565 117
896 603 171
1000 256 440
203 812 559
459 176 839
970 459 460
332 214 120
159 941 895
319 639 352
316 496 903
364 45 91
641 779 952
579 8 161
273 37 681
178 978 655
495 222 373
202 308 493
78 824 178
873 241 212
817 465 541
937 851 323
175 866 101
910 170 585
766 256 665
222 45 91
186 228 117
826 66 626
12
841 370 405
699 874 227
644 910 753
350 799 764
273 960 300
542 884 592
259 736 400
144 840 644
520 672 228
137 133 883
38 131 214
737 329 95
15
349 254 463
629 531 161
242 337 369
807 890 776
622 36 925
247 573 17
824 587 648
460 289 754
488 730 661
146 734 263
249 946 73
100 872 521
630 196 656
553 442 518
796 196 479
5
862 870 183
226 418 455
245 118 748
129 859 528
148 474 489
11
504 580 963
516 292 999
177 244 839
23 321 967
659 282 234
311 325 246
47 308 127
73 511 61
793 587 903
708 231 77
505 10 532
9
600 701 448
154 412 571
403 106 147
772 115 125
801 404 467
704 124 357
797 990 252
661 166 753
51 2 575
6
407 555 405
1000 823 167
791 711 105
219 510 439
167 190 426
340 794 613
2
998 258 413
912 136 492
27
219 495 956
447 788 37
886 932 789
713 308 721
230 81 745
773 862 182
672 436 143
360 587 110
972 219 901
925 740 498
826 625 761
103 721 946
953 370 908
772 387 96
530 932 979
407 970 909
524 299 414
39 823 817
662 840 945
371 364 930
701 707 85
49 953 686
340 328 62
129 730 938
131 283 993
19 468 453
280 73 801
10
366 10 716
538 644 774
86 984 705
821 929 644
79 803 794
62 701 221
811 468 855
246 761 159
618 3 890
599 389 615
11
303 322 214
916 715 827
345 278 229
369 601 206
696 618 149
314 180 315
340 802 219
753 21 233
327 233 278
195 252 980
495 149 813
16
783 499 827
114 34 749
977 689 391
919 615 302
798 14 982
493 51 613
658 678 530
664 879 859
274 988 253
11 816 645
632 13 123
882 268 883
858 952 485
996 424 378
526 160 164
956 989 363
14
839 583 587
245 486 198
659 97 456
914 326 565
433 691 629
512 441 396
637 933 431
688 563 288
654 258 737
768 264 463
871 921 668
757 332 443
184 728 823
140 437 256
14
985 115 975
567 40 773
335 464 206
144 337 987
395 102 357
250 716 350
738 875 545
409 697 118
854 424 68
327 307 475
602 927 999
788 524 686
569 703 701
290 74 77
25
353 679 813
430 998 58
3 932 256
353 844 282
909 74 408
216 127 12
809 153 223
534 321 897
729 171 228
791 414 683
903 31 273
551 98 897
170 642 222
437 6 452
641 2 261
996 722 147
620 975 241
657 824 492
305 691 279
941 352 221
943 902 466
83 815 882
676 699 956
764 535 819
195 642 315
9
32 974 14
707 851 53
570 941 597
476 466 66
216 308 910
542 588 232
105 872 211
134 582 224
566 237 871
18
149 523 511
373 858 675
326 66 195
403 120 90
486 210 426
544 322 543
912 229 451
356 825 726
657 127 634
523 545 991
325 94 32
440 66 196
848 620 324
134 961 939
167 356 51
430 775 26
624 11 787
856 101 220
7
516 929 948
612 899 870
862 488 792
588 366 4
821 118 307
192 813 891
307 330 734
3
316 593 930
78 923 331
625 26 123
22
577 9 555
982 575 578
199 722 262
319 11 40
792 724 60
395 414 693
485 788 403
821 177 895
581 802 238
505 736 465
176 520 753
169 200 877
274 798 72
900 649 422
172 770 698
186 230 534
325 56 23
889 962 519
686 76 612
487 369 790
962 804 974
597 280 939
8
860 753 829
481 249 866
336 277 589
347 45 915
499 722 161
877 867 351
478 573 279
251 254 65
4
655 88 599
420 720 722
171 45 471
207 176 94
6
372 238 947
31 679 421
769 335 562
37 183 569
892 220 106
5 187 780
9
701 265 769
508 15 45
253 851 885
601 955 672
430 361 424
558 352 412
832 692 553
301 137 449
402 46 960
6
52 883 995
315 725 280
683 181 588
611 772 121
751 791 424
44 259 916
16
135 282 291
92 403 816
94 947 442
431 996 319
860 388 975
613 173 466
488 936 914
907 780 205
469 362 208
132 18 523
989 869 760
661 244 533
326 230 844
534 337 974
952 387 272
134 716 786
12
994 825 679
199 979 14
174 665 939
376 437 311
113 871 152
812 351 308
419 970 258
395 191 795
75 626 95
454 614 84
766 383 208
222 633 563
19
860 899 327
487 36 356
671 856 636
940 604 535
393 533 908
343 839 166
849 891 831
577 342 522
532 329 441
670 166 536
673 21 499
138 705 110
252 579 928
871 593 891
509 473 731
795 139 325
312 352 325
503 850 320
591 545 14
26
90 680 685
778 819 629
651 114 44
64 431 359
742 835 487
210 578 137
341 887 73
394 924 219
383 504 886
92 445 129
735 945 781
374 255 546
919 618 444
503 720 658
367 276 156
163 982 817
584 41 763
697 917 6
18 537 69
994 933 940
984 53 467
927 786 764
223 656 626
59 951 659
727 47 514
615 169 806
13
407 963 419
525 971 958
881 382 578
648 704 392
530 639 437
655 585 377
378 515 195
774 653 345
661 316 343
870 281 749
865 145 983
849 404 726
789 132 74
15
300 288 833
23 145 558
275 917 645
925 337 462
315 435 65
87 674 803
258 536 770
99 197 979
502 223 402
808 178 706
608 933 407
225 88 545
821 83 583
486 628 991
616 980 91
16
771 983 709
888 155 639
13 588 935
730 886 647
837 965 527
531 225 684
74 298 516
305 18 686
16 132 553
874 927 680
872 448 984
345 351 662
313 137 592
214 481 449
296 825 248
410 177 308
2
732 290 484
896 155 166
1
607 395 791
20
173 448 836
688 670 214
349 996 563
10 191 619
968 428 215
138 88 244
185 558 236
156 806 25
170 702 277
610 714 308
657 570 852
15 493 318
615 96 510
839 824 253
216 774 400
524 842 258
791 965 651
755 307 75
505 194 13
892 701 781
1
524 195 25
28
943 422 419
129 921 148
47 284 251
113 793 360
814 602 331
263 722 914
640 636 120
597 427 146
260 37 93
704 49 529
584 187 140
16 847 624
455 326 300
541 24 594
688 382 669
782 161 140
245 712 532
742 534 733
386 710 157
209 74 591
226 177 662
536 496 614
47 820 703
459 5 997
973 66 578
638 7 618
304 573 650
928 632 104
11
87 130 109
804 400 786
788 588 727
261 302 118
752 973 3
448 725 108
939 110 810
158 10 913
803 200 46
235 448 591
163 451 935
3
274 802 976
878 621 780
63 908 117
28
196 987 298
17 726 748
122 124 863
703 261 365
594 952 199
901 393 400
529 507 757
398 641 363
761 671 209
568 194 142
639 178 854
127 559 939
524 396 96
329 982 948
943 943 577
914 389 550
534 780 713
610 775 299
223 572 151
176 937 810
351 308 649
279 688 124
112 2 243
900 826 988
201 218 420
902 385 396
266 506 160
9 841 965
19
228 959 355
351 308 87
946 882 281
747 780 544
865 143 918
848 522 578
926 758 831
407 102 648
505 664 380
423 302 915
821 841 633
425 551 659
473 969 773
12 860 439
328 685 348
828 638 832
761 941 982
27 958 470
202 247 337
12
259 304 380
108 764 333
563 923 72
939 171 677
297 54 968
241 513 59
337 60 511
716 508 530
898 543 200
658 368 100
235 801 198
168 259 186
1
659 804 440
13
396 170 441
475 401 898
778 643 157
951 473 531
440 957 642
202 721 980
13 489 202
211 738 624
699 438 310
779 652 190
137 220 163
604 717 478
770 628 862
22
507 879 165
906 273 549
637 682 71
44 26 339
100 648 74
624 385 819
303 45 115
925 636 628
426 948 866
294 875 564
147 176 37
7 648 463
701 333 687
779 426 590
534 26 548
532 128 983
29 536 850
586 950 675
788 402 926
385 406 818
192 556 331
181 884 674
29
611 747 915
723 570 161
855 851 796
52 334 351
255 474 298
523 146 311
518 413 573
170 282 109
427 924 312
973 30 105
709 240 358
621 785 433
828 493 666
221 393 601
242 471 294
229 405 380
221 743 341
647 508 928
290 248 277
581 759 482
899 355 220
214 476 14
312 321 38
81 215 39
987 328 487
187 59 428
93 621 743
135 734 949
742 858 475
4
119 584 233
782 758 389
460 158 602
447 373 191
4
131 666 425
301 944 303
214 161 948
299 411 178
17
282 535 387
941 666 671
20 273 667
297 880 637
572 964 835
826 387 430
295 281 775
877 673 734
116 721 317
437 85 288
284 796 988
528 835 893
56 554 986
484 494 443
612 353 223
407 358 217
363 177 644
18
222 886 205
66 28 797
99 213 568
974 971 326
626 521 911
989 338 860
706 774 85
220 963 448
983 10 733
267 896 43
908 475 706
424 223 358
660 705 690
595 634 924
364 510 243
508 921 89
377 730 186
241 695 79
29
466 282 999
171 485 619
119 220 380
437 619 903
456 232 245
617 227 462
832 272 792
539 935 701
100 6 677
863 858 268
464 365 138
546 715 880
532 325 707
407 984 934
122 760 834
903 398 471
284 330 958
941 324 259
392 47 523
97 447 456
893 75 892
493 551 869
732 521 828
574 828 367
433 3 285
87 77 588
417 359 96
764 606 176
30 904 170
8
408 508 291
805 426 520
307 384 631
486 171 715
824 525 992
467 507 199
174 145 448
834 877 273
5
995 490 329
700 330 926
53 594 339
136 670 779
329 301 789
25
741 401 522
788 34 472
865 690 837
566 27 284
147 572 140
159 828 974
331 685 583
722 50 372
291 809 613
576 113 498
974 620 645
853 298 70
945 340 205
380 714 654
366 975 212
925 519 770
32 287 797
659 615 979
951 580 318
18 563 887
872 108 952
569 803 149
289 810 218
252 568 784
997 533 419
1
788 373 183
23
587 688 574
311 948 125
223 75 375
613 84 594
363 438 98
383 429 377
779 284 90
784 723 565
727 442 365
366 410 693
631 865 775
83 988 920
994 545 373
553 309 975
193 42 900
801 258 263
51 147 477
617 608 656
743 572 755
32 397 834
543 696 647
372 788 310
549 833 820
24
416 509 758
795 94 914
325 409 637
840 962 202
965 238 662
645 811 256
939 747 785
571 687 711
983 800 16
420 423 792
797 475 362
556 443 144
514 347 801
778 200 441
400 692 977
419 136 33
790 380 667
974 635 83
548 813 227
95 188 767
715 961 247
633 308 758
381 431 783
35 11 314
29
254 918 106
642 553 232
250 689 65
299 475 703
976 220 613
825 114 155
490 708 140
583 680 809
455 88 752
273 997 821
783 47 824
190 376 551
852 279 363
227 952 71
417 498 891
262 218 180
86 209 638
566 369 282
733 218 554
529 421 324
982 773 637
535 58 304
63 806 962
862 667 53
24 441 375
70 928 360
552 981 983
443 278 116
813 666 448
9
39 342 416
572 534 36
54 598 982
834 137 668
59 580 537
185 940 111
903 947 264
424 159 141
93 879 404
9
397 646 387
462 426 214
625 352 31
809 398 707
207 666 712
733 639 493
167 44 839
384 889 706
502 227 610
25
934 213 417
602 717 735
559 882 588
907 272 324
62 743 495
821 816 48
695 135 963
863 163 275
550 1 811
265 237 873
3 992 734
438 160 919
451 226 446
100 404 642
200 41 893
563 991 557
526 831 307
31 114 262
727 923 804
330 314 174
755 797 820
527 679 34
222 108 265
206 521 435
152 961 319
4
620 43 493
682 427 101
177 95 603
679 764 854
2
996 195 193
725 589 904
27
966 558 870
238 727 388
596 248 528
975 357 948
674 966 706
508 430 348
29 822 492
383 293 782
603 806 732
753 919 890
139 490 623
148 826 500
11 618 744
372 782 430
636 407 150
976 129 420
18 277 539
547 116 73
570 996 675
938 52 421
739 685 278
510 201 659
360 731 175
212 829 688
956 517 535
119 101 160
495 331 211
10
246 700 474
293 518 936
626 815 221
850 264 512
658 402 946
482 695 952
583 403 431
97 386 788
635 934 335
994 250 72
18
629 33 879
819 717 792
168 973 365
56 190 35
404 240 509
83 303 464
313 490 600
989 543 723
622 290 769
634 691 76
893 535 435
982 781 614
333 142 596
175 116 490
840 787 73
645 180 680
248 593 656
471 189 52
21
745 301 291
768 892 191
520 278 329
745 266 475
492 357 477
651 361 648
478 35 154
40 664 848
171 583 444
4 82 154
552 419 912
601 131 697
244 230 218
914 663 465
466 160 780
812 94 292
269 155 243
277 40 584
881 982 652
22 738 985
594 485 963
16
847 960 308
153 248 573
724 522 907
854 771 833
72 339 663
57 785 951
894 213 403
908 719 818
265 497 858
849 922 712
401 75 812
304 547 451
767 299 776
742 665 129
580 358 70
212 270 88
3
817 920 382
37 538 793
499 986 800
20
344 146 989
829 853 771
936 642 224
8 157 275
320 355 95
168 67 797
146 77 875
609 125 5
291 495 823
126 310 749
806 20 100
871 848 786
658 788 639
172 530 929
441 952 109
828 449 154
598 183 431
805 464 553
288 566 209
138 794 72
29
206 890 460
768 729 749
986 535 394
8 461 43
132 26 754
960 128 666
200 734 171
475 18 408
327 90 902
606 205 283
414 958 369
39 915 684
790 248 15
929 132 823
464 111 371
963 987 297
556 235 422
595 814 395
734 548 602
36 153 968
322 244 259
344 692 413
989 174 58
271 706 357
671 163 645
957 785 67
190 868 206
106 665 791
828 999 800
15
415 224 206
144 531 434
310 374 843
31 871 829
507 366 568
611 377 850
632 304 384
999 716 516
364 640 581
959 710 696
642 509 665
225 851 88
244 193 626
75 776 776
732 882 486
7
991 145 390
763 493 383
558 223 830
991 874 262
764 238 657
19 98 430
743 229 75
28
95 868 638
5 291 411
908 858 225
360 408 539
602 90 375
280 687 924
306 715 711
764 84 332
231 853 526
874 351 323
482 501 673
183 573 396
246 20 554
709 325 715
529 133 277
485 265 482
17 128 985
232 598 943
1000 373 651
380 784 889
971 16 425
274 691 190
458 952 274
859 575 117
263 903 921
188 587 13
836 452 726
816 175 731
13
139 696 31
911 793 633
925 36 35
920 55 342
433 862 251
257 145 396
526 335 765
667 356 478
65 398 473
510 463 652
116 222 509
950 862 218
180 26 8
8
45 497 538
725 551 701
590 157 977
612 841 861
113 280 594
922 350 30
344 956 695
782 291 674
1
259 849 215
20
351 72 943
236 541 551
375 463 10
678 879 830
588 991 877
887 785 777
449 103 5
863 188 916
320 682 7
914 898 89
129 970 390
377 589 449
200 501 438
486 719 671
716 540 342
352 879 119
585 132 547
888 236 789
778 997 653
455 554 758
20
723 930 579
144 752 635
462 962 81
78 73 380
897 371 740
885 597 137
949 173 659
78 849 739
141 918 86
881 130 44
233 79 721
154 834 455
950 238 144
973 877 623
595 259 664
471 109 689
250 127 584
858 754 610
924 813 480
767 25 178
26
70 348 428
682 302 833
896 596 469
61 230 335
670 392 297
659 895 516
848 624 510
447 955 729
39 735 114
468 203 94
972 723 673
276 446 544
547 606 406
65 160 252
649 304 814
697 607 103
380 198 914
826 889 984
216 479 850
980 994 120
730 831 613
75 264 196
623 850 573
327 757 79
755 553 736
114 618 859
19
934 768 106
652 923 234
246 741 790
916 577 932
122 981 57
810 551 26
415 22 26
827 550 809
185 104 482
38 359 85
304 833 396
504 455 853
713 576 894
148 756 562
632 728 734
124 11 958
82 276 843
785 314 207
678 286 670
17
638 824 159
463 450 693
215 73 258
761 112 768
670 986 625
88 297 149
637 408 183
581 758 737
963 69 382
1 126 870
277 656 908
571 696 906
991 260 27
739 667 736
891 65 416
164 37 467
115 586 718
3
887 44 538
873 851 76
320 191 241
10
213 211 819
167 469 392
678 895 601
640 374 773
97 684 809
232 48 232
553 355 199
718 690 667
100 570 325
820 457 725
1
716 769 873
20
235 770 862
424 376 684
578 243 488
258 417 669
809 944 229
734 682 716
45 296 971
112 196 489
378 429 935
583 274 83
186 61 763
30 923 693
188 990 892
929 951 60
562 733 444
119 928 232
382 589 403
724 24 650
827 178 383
665 467 858
7
266 751 724
270 377 791
834 217 426
63 145 790
728 100 5
246 640 30
809 338 55
1
403 378 107
19
811 87 886
498 197 347
1000 15 653
502 639 972
608 25 956
202 374 955
330 147 653
124 625 956
934 799 38
839 654 746
261 733 294
852 76 576
500 834 116
591 81 269
173 611 499
897 562 584
308 201 774
361 500 5
467 991 465
15
565 661 899
212 581 181
561 540 3
521 281 695
785 328 965
774 741 85
796 197 186
293 967 67
782 159 743
874 993 313
87 386 350
861 693 604
823 366 722
865 428 244
13 38 144
10
12 166 354
965 459 873
90 488 350
234 506 742
672 184 868
800 104 763
321 438 569
185 259 335
446 971 932
810 424 388
29
151 196 620
720 56 180
318 964 121
361 364 535
40 462 829
298 985 928
266 372 403
590 767 31
687 354 105
512 285 39
429 78 120
231 63 951
977 938 714
846 188 813
309 45 13
218 490 647
841 678 77
51 950 76
516 720 460
879 161 451
847 24 114
740 932 571
347 161 221
501 69 808
455 915 403
287 726 729
21 998 383
180 13 204
758 596 97
18
85 815 821
958 541 865
7 283 700
788 345 180
50 153 784
627 477 555
379 545 41
580 967 165
18 156 602
505 259 555
36 181 579
884 51 242
492 319 322
416 114 951
973 123 875
394 704 864
976 593 157
398 726 596
3
208 261 553
566 222 834
847 254 397
16
195 115 781
26 293 953
59 833 2
762 581 191
892 474 983
105 936 739
215 465 326
510 443 357
966 791 767
124 445 230
712 752 230
782 359 21
247 824 606
98 4 527
741 826 85
430 499 618
9
894 968 397
233 899 509
561 86 443
896 868 294
120 606 310
41 307 121
898 788 919
802 591 994
527 717 596
21
612 175 563
909 354 98
168 666 554
11 497 604
114 127 39
739 936 570
874 777 918
814 207 379
975 385 25
701 165 703
21 659 79
282 453 870
757 749 93
343 205 682
324 744 740
744 932 127
197 340 563
635 277 861
739 544 139
891 246 32
456 41 831
2
784 760 991
995 716 825
29
590 846 813
407 194 728
629 513 239
92 906 520
724 566 868
285 938 705
255 91 318
149 498 395
218 682 305
67 132 859
975 476 107
274 737 140
525 92 835
745 851 682
473 467 721
711 857 791
3 414 768
912 319 373
805 335 795
155 65 534
131 254 553
433 845 822
429 97 75
483 613 367
526 737 955
17 988 426
44 616 634
253 798 260
230 755 153
3
649 838 588
723 390 241
255 394 297
26
158 836 900
669 732 789
871 469 284
186 874 29
637 263 145
986 559 672
752 699 59
244 170 119
521 121 601
332 462 698
191 352 625
443 191 361
531 999 890
932 716 39
555 536 218
69 275 184
63 602 832
790 898 52
378 854 521
754 159 486
282 74 480
206 831 63
897 898 443
705 761 84
851 47 650
1 66 454
23
623 718 978
204 872 701
612 606 773
851 983 190
327 131 601
788 222 468
800 329 400
846 481 371
270 195 483
196 236 955
641 291 342
976 822 210
996 234 757
877 195 536
918 578 793
140 597 805
402 898 85
265 271 288
81 597 929
295 908 302
600 185 483
256 768 57
218 57 927
27
306 837 510
786 762 726
491 309 15
610 933 563
943 894 418
35 809 446
570 790 121
181 173 146
153 75 489
251 351 877
400 642 802
602 799 198
43 383 9
517 805 935
815 431 480
793 736 365
538 497 150
626 729 412
160 205 402
43 970 134
813 390 380
373 589 925
266 465 589
572 705 326
371 406 709
908 764 955
420 516 681
22
975 722 944
40 926 879
365 627 765
880 861 421
958 721 303
824 602 16
900 83 198
415 108 194
393 910 351
755 971 231
14 455 352
287 368 813
57 29 342
797 737 367
813 525 227
254 18 146
995 986 235
258 176 574
1000 682 724
117 829 903
534 978 552
147 372 539
29
231 26 66
391 478 911
68 940 165
415 892 498
848 913 281
649 893 219
711 685 727
771 746 324
847 878 55
597 485 866
730 215 527
228 501 788
59 688 731
200 160 872
654 582 617
940 789 786
110 961 344
819 860 86
734 713 343
629 626 136
230 122 671
670 210 738
456 894 601
281 371 824
308 318 915
931 493 417
596 230 996
669 302 4
235 77 870
21
170 718 991
496 358 442
988 958 710
136 271 339
833 843 766
626 34 281
719 393 695
992 870 378
790 730 740
676 948 496
714 864 998
339 692 779
350 53 834
998 380 481
211 104 582
428 185 924
428 432 517
661 607 123
347 768 269
54 986 441
50 293 133
13
216 314 637
502 150 536
271 985 30
356 15 5
145 293 945
947 838 990
169 449 861
75 852 443
857 618 550
732 326 342
80 551 736
920 819 863
471 825 529
25
78 580 480
557 126 554
455 985 209
48 43 164
495 214 522
349 778 351
174 555 114
794 932 539
536 784 648
301 54 634
213 577 222
931 304 34
413 867 998
441 142 942
891 620 418
358 123 719
84 737 759
531 217 392
78 749 473
733 846 348
971 118 378
167 64 605
56 195 279
402 308 634
222 123 669
4
855 440 667
348 836 389
141 645 216
635 531 561
21
953 456 628
492 887 315
871 502 538
422 228 291
540 552 827
591 7 358
176 29 124
430 691 977
729 309 391
957 747 82
882 288 288
287 970 719
919 475 536
521 29 645
663 418 89
655 661 43
847 966 960
93 282 681
429 51 799
908 525 793
794 595 433
20
735 175 557
878 418 438
492 648 251
717 47 599
170 328 412
815 294 763
543 110 331
106 76 335
597 457 852
708 714 730
456 709 119
416 630 334
756 150 350
788 765 660
880 976 137
976 118 855
772 865 557
518 368 717
834 284 517
261 307 504
18
269 736 470
161 536 541
592 252 243
118 815 740
513 742 946
843 235 198
297 856 752
635 106 378
338 437 398
193 797 363
788 800 407
734 287 472
350 276 260
686 145 309
958 244 737
403 687 102
117 445 929
559 681 644
29
205 645 704
300 34 823
192 460 588
551 601 320
600 158 35
997 684 627
902 71 824
469 668 63
608 591 171
729 274 415
974 609 361
730 779 198
550 857 703
968 296 963
83 704 690
650 849 408
291 565 786
729 680 506
231 580 648
534 847 541
884 146 367
998 376 651
197 940 163
669 289 960
38 766 153
222 373 412
659 353 304
388 520 291
81 9 100
24
578 351 340
929 203 381
858 940 517
21 755 532
117 961 733
731 22 231
925 858 520
144 631 746
210 806 633
779 892 802
863 152 421
375 538 742
990 705 763
3 510 467
510 768 330
963 644 477
43 881 809
61 810 796
634 803 313
958 574 914
732 545 498
940 299 780
192 467 19
593 500 754
12
82 620 775
249 936 768
400 65 401
9 549 698
202 549 758
439 821 498
551 171 509
377 598 461
547 961 34
314 520 739
691 298 723
824 888 532
8
721 79 660
822 867 972
41 60 348
539 954 291
889 787 449
190 791 815
107 638 823
234 434 690
27
507 330 76
741 843 476
104 574 291
403 395 653
249 80 354
146 262 638
485 293 999
613 324 813
608 770 588
154 986 217
887 257 363
664 296 575
502 663 471
21 388 7
559 518 732
53 685 218
236 543 906
957 523 546
406 819 625
59 593 841
105 168 217
357 469 771
205 224 421
14 576 938
677 1000 940
552 217 444
331 67 115
25
654 700 359
132 182 753
319 509 764
949 809 632
974 697 467
393 865 948
139 391 354
715 991 564
154 921 403
930 633 321
941 795 32
692 210 806
710 596 535
733 308 987
311 591 384
537 806 462
95 583 261
511 716 93
747 12 236
435 512 188
44 383 166
496 913 486
160 868 401
271 465 283
95 530 199
15
679 20 823
909 142 41
925 389 726
802 935 559
944 270 459
807 356 487
719 528 405
827 447 170
785 833 630
482 425 606
254 747 779
601 138 201
57 532 283
408 186 408
496 355 352
29
724 517 869
776 1000 471
268 664 711
142 362 206
528 568 224
877 819 954
204 928 305
661 414 782
505 281 446
309 272 766
58 957 697
463 346 901
759 648 71
670 296 750
606 346 471
937 841 902
941 201 534
504 157 79
760 823 40
496 372 992
609 470 369
470 12 411
464 274 578
56 151 97
486 478 149
19 827 734
969 322 894
290 925 147
693 610 498
23
302 19 868
120 80 813
200 31 18
789 165 803
771 574 689
946 598 767
218 303 709
802 427 26
370 203 394
334 162 764
67 965 143
27 434 507
774 16 799
341 285 796
921 813 885
561 537 348
813 882 85
319 629 330
504 335 29
814 591 399
309 395 10
378 214 296
614 365 360
11
788 158 916
23 630 906
81 863 332
239 474 73
212 398 432
270 376 1
622 672 221
416 254 124
655 965 935
231 498 908
364 147 810
27
852 110 863
270 783 542
687 372 841
6 742 213
18 152 393
854 756 901
292 375 728
767 542 849
226 145 683
912 198 483
414 913 97
152 201 756
292 144 88
655 964 374
354 873 90
502 711 306
519 784 395
898 264 92
81 384 837
78 316 10
761 126 177
920 989 210
473 902 573
361 84 884
532 421 650
833 319 56
452 835 702
2
949 376 679
110 520 304
4
304 452 577
610 46 421
209 501 202
594 429 240
29
371 938 625
280 161 171
965 763 851
283 277 315
598 457 785
18 553 511
264 939 681
943 445 160
556 704 484
1 631 495
654 326 369
932 341 367
370 488 798
722 256 557
955 923 303
615 675 742
129 160 73
949 729 422
535 665 146
49 429 777
842 669 379
136 245 124
792 623 199
972 433 594
690 276 312
330 88 26
524 246 757
378 15 7
262 373 200
27
393 797 460
533 533 533
438 722 408
745 975 485
809 234 596
400 882 589
673 952 681
477 999 52
11 838 416
185 840 765
740 411 934
486 927 370
353 677 44
144 525 377
345 149 130
818 349 485
580 638 601
124 745 427
224 455 801
768 368 96
125 472 852
792 367 688
565 229 319
572 849 205
651 482 169
4 334 689
562 391 734
21
452 162 337
4 94 336
673 406 398
377 73 989
448 788 548
632 857 137
869 250 80
789 921 923
187 378 191
335 993 296
925 16 918
721 427 431
611 64 362
267 867 582
909 111 369
189 420 853
56 20 556
667 58 460
503 448 237
126 642 460
76 123 299
4
596 288 685
300 659 531
689 363 930
571 575 498
20
618 966 970
406 58 861
479 235 684
157 414 23
282 416 364
391 924 604
340 8 203
711 364 896
845 485 48
935 255 107
517 418 610
13 516 727
155 89 253
160 944 221
446 864 144
671 900 977
266 4 790
574 747 266
254 234 525
130 758 14
10
995 548 508
839 817 716
99 444 248
801 391 701
391 874 733
309 902 726
581 592 439
749 668 561
144 867 312
784 997 147
14
725 448 152
797 864 12
493 158 29
293 864 749
810 188 320
30 597 265
848 190 396
449 69 202
361 848 349
395 125 271
26 619 527
118 487 449
854 920 201
863 979 559
22
613 348 117
906 216 972
153 301 235
802 506 128
172 928 768
592 940 862
438 538 26
286 514 668
840 536 463
164 545 531
965 2 652
111 111 168
465 173 671
845 391 741
152 921 851
798 956 303
492 543 623
830 142 187
244 898 407
445 110 299
260 571 901
82 643 751
1
986 167 145
27
248 431 536
50 577 134
448 749 421
56 839 340
826 854 504
467 114 668
835 712 468
848 657 461
834 882 644
61 744 155
21 468 582
525 119 706
102 581 161
359 96 59
719 951 763
651 154 290
445 597 580
558 327 451
636 43 533
294 791 147
79 885 910
324 796 823
312 93 730
963 67 426
120 400 462
867 505 876
703 650 139
6
49 781 972
389 629 939
546 771 816
27 353 861
689 7 811
722 838 677
12
896 743 456
935 705 927
749 165 184
693 768 912
781 753 408
786 365 996
16 619 907
106 841 95
987 129 3
239 11 620
850 784 425
834 251 821
9
748 324 243
180 865 956
2 736 282
453 213 625
863 772 559
176 852 316
100 956 261
905 94 439
278 804 797
16
211 474 166
60 421 657
272 318 607
309 344 4
59 343 611
447 251 28
591 525 869
636 661 971
969 773 967
593 337 563
810 511 309
38 979 711
998 795 52
41 401 872
296 89 209
443 782 545
15
3 430 967
468 963 112
256 484 552
203 237 2
767 975 11
238 621 785
176 668 36
58 443 842
222 577 300
202 887 507
198 373 216
640 251 649
729 1000 227
72 316 886
749 310 982
14
578 163 785
425 979 998
589 446 149
903 895 271
992 429 97
564 905 784
627 635 145
997 449 408
325 822 222
662 725 774
602 557 613
681 879 370
898 512 829
642 594 9
23
586 271 487
183 891 480
205 845 179
421 505 452
749 346 586
494 263 607
505 941 389
11 36 752
93 761 796
402 450 639
143 72 521
64 600 14
843 507 285
434 213 550
216 454 735
115 29 644
469 663 944
506 99 967
269 637 509
874 143 12
319 541 220
4 660 561
118 696 89
16
169 319 929
406 93 146
938 389 810
394 414 109
593 374 301
380 69 698
631 997 209
729 969 257
301 472 746
974 383 444
299 170 464
652 99 547
887 495 488
945 752 632
400 868 5
977 202 517
20
734 727 850
725 685 480
163 475 387
139 389 318
267 865 509
47 11 793
710 706 475
521 542 562
412 766 514
893 825 76
354 119 693
362 982 966
542 113 762
834 582 99
422 822 40
12 281 513
95 681 160
670 557 672
508 739 154
975 331 360
18
372 25 91
19 58 192
370 134 218
551 79 171
434 673 581
826 390 903
100 291 551
76 46 126
462 824 739
337 907 957
11 647 144
929 989 163
664 71 438
742 989 29
249 475 891
948 656 783
289 445 913
844 101 904
17
689 468 958
743 850 326
613 525 429
753 732 621
257 388 808
68 872 280
715 461 854
889 560 783
626 94 166
253 120 1
986 598 4
539 870 547
164 265 381
552 407 898
712 852 224
792 255 190
948 199 149
9
559 740 147
695 198 879
630 100 911
219 742 261
537 198 560
641 194 393
435 909 586
615 849 598
431 710 979
18
241 790 348
311 490 927
794 357 923
473 978 814
299 830 330
970 366 381
653 533 843
27 334 73
598 832 404
870 132 795
342 874 934
289 509 935
372 907 104
216 233 150
603 152 765
401 938 881
52 151 501
433 98 895
13
907 15 514
553 440 842
143 803 335
246 88 105
260 642 522
625 902 808
484 300 574
413 388 161
122 974 999
565 547 654
566 400 889
46 148 872
805 676 529
19
311 565 676
304 916 439
350 840 171
479 482 590
211 458 349
942 85 272
407 642 931
751 202 467
876 77 999
404 609 42
791 985 610
849 336 631
768 907 367
163 305 104
871 367 848
331 855 518
215 440 592
707 845 46
786 972 411
17
679 966 752
579 581 749
165 4 23
63 833 335
889 699 859
328 287 748
39 296 912
42 967 95
99 739 568
571 166 797
760 425 329
776 923 815
464 600 940
663 643 985
633 990 862
502 75 68
531 661 224
9
624 725 105
50 118 631
327 470 77
877 519 157
113 958 78
181 997 70
454 258 785
4 394 588
800 975 971
20
558 916 954
394 532 783
123 140 178
222 432 243
155 595 997
803 664 730
823 46 899
498 254 781
751 998 896
650 490 230
927 58 97
200 764 837
444 694 285
61 775 52
802 544 875
274 565 6
466 952 8
654 811 952
772 888 136
850 274 7
22
510 957 70
371 325 357
348 858 279
842 661 173
357 148 798
140 903 691
585 285 519
163 701 752
487 448 674
401 561 143
640 651 460
177 999 448
558 28 911
336 309 34
891 592 660
743 41 506
956 2 316
108 160 772
244 968 586
75 695 474
210 114 141
760 465 780
25
72 719 862
606 535 775
718 660 635
744 524 833
329 87 932
789 628 403
757 736 327
236 103 380
462 901 485
629 405 894
395 400 670
850 613 724
266 121 285
454 55 381
985 676 285
311 127 642
622 761 617
184 529 682
706 502 404
249 724 344
458 900 138
518 100 865
3 422 68
547 39 509
842 888 862
18
949 323 119
165 763 577
408 41 174
698 462 920
621 7 742
681 681 251
93 910 994
188 609 364
562 506 375
948 129 473
24 127 708
913 669 788
106 776 770
482 705 808
227 203 616
407 276 373
484 915 323
1000 215 862
13
686 163 56
103 474 28
409 90 490
876 739 187
588 771 916
195 492 325
968 596 230
184 181 264
174 103 473
654 880 966
329 736 174
983 406 630
496 229 284
4
664 300 464
212 966 175
503 809 426
881 413 228
11
777 607 522
556 675 18
961 662 784
878 549 443
569 724 914
689 269 957
66 216 992
337 183 717
998 642 576
493 122 804
8 62 545
16
852 597 837
783 376 366
439 77 641
658 872 959
955 211 434
650 196 107
415 325 225
550 822 43
279 967 841
97 104 829
744 249 735
145 119 596
857 886 864
227 135 49
330 824 160
391 449 984
12
88 402 268
590 193 507
533 979 465
953 739 251
483 399 263
475 904 842
102 298 483
903 439 654
567 440 770
807 897 522
681 530 997
753 572 825
19
896 231 11
887 218 980
754 741 204
670 935 26
645 968 241
874 324 520
529 883 547
445 666 905
41 65 632
734 354 961
659 361 365
349 238 683
304 361 461
303 686 658
790 191 894
728 874 288
927 673 783
951 695 91
911 53 374
23
727 124 264
362 141 234
73 379 311
814 221 815
533 405 836
660 889 206
208 623 519
489 151 253
504 569 922
47 806 139
988 686 947
122 490 756
205 567 973
266 9 937
788 650 58
845 740 286
457 524 641
28 855 185
774 520 226
82 933 580
478 710 734
947 796 3
151 914 950
14
949 346 814
162 99 767
518 346 122
295 227 169
279 223 416
23 860 575
424 637 368
840 542 130
348 442 648
999 630 35
181 162 154
781 949 487
647 512 399
848 284 799
15
422 283 128
164 839 346
652 609 784
288 104 595
248 542 66
816 327 701
1 322 425
565 310 369
846 163 96
903 263 247
894 407 636
209 865 845
89 337 347
484 736 474
531 296 107
13
309 438 607
464 405 676
349 351 61
832 392 733
180 375 652
935 31 273
122 770 796
778 512 731
989 185 114
611 401 667
80 988 993
805 637 926
364 339 582
11
819 25 958
743 101 977
116 531 292
276 634 331
253 437 262
899 16 70
987 588 624
514 615 145
812 188 619
351 361 767
695 645 761
15
356 494 579
486 325 324
768 174 200
752 870 628
361 578 421
921 225 640
865 443 788
999 837 204
871 380 193
717 268 290
452 534 440
86 689 399
867 525 731
9 460 504
399 567 745
22
795 939 93
96 141 306
921 569 961
189 898 572
111 226 687
429 318 403
735 683 524
913 899 535
386 23 443
878 768 962
169 295 313
829 68 647
512 664 604
121 190 910
309 160 869
517 57 646
618 378 795
811 978 389
447 625 889
643 648 877
386 465 747
464 735 637
23
712 32 33
471 83 704
578 457 266
631 422 644
205 878 228
304 886 104
240 601 266
718 81 254
437 650 41
452 427 115
590 97 363
369 940 615
121 51 419
388 926 572
822 664 784
821 285 583
241 393 335
959 334 26
746 637 18
964 710 64
28 771 999
911 293 875
853 102 862
11
166 24 861
585 97 332
526 198 412
320 672 850
458 169 998
625 654 108
326 489 517
612 701 425
362 569 722
441 885 205
565 456 712
29
64 447 358
79 889 770
263 206 120
497 689 983
388 607 452
519 818 575
42 129 888
536 893 507
893 263 101
7 417 157
854 286 882
696 672 209
145 78 16
800 180 494
471 105 792
585 887 20
219 967 576
655 508 208
579 861 331
887 723 913
571 73 926
294 865 664
653 478 59
684 714 120
568 833 45
758 293 668
104 92 653
902 565 642
442 881 613
22
169 63 410
98 694 29
898 62 48
760 399 979
721 645 695
258 835 494
161 642 825
616 338 764
998 741 11
585 452 159
592 395 566
809 353 461
721 385 799
765 381 476
388 410 494
845 358 156
842 416 529
121 424 745
452 180 105
287 895 158
783 184 469
837 328 529
10
259 502 832
82 323 350
435 897 695
971 145 106
442 661 343
1 168 848
949 528 730
640 515 153
653 765 33
480 423 496
11
280 797 551
664 672 504
942 262 403
282 852 535
656 14 307
335 139 508
519 397 657
836 766 709
873 261 292
475 528 590
728 407 668
2
527 177 266
41 77 331
12
475 972 615
627 677 202
873 412 185
832 269 665
95 901 469
345 226 154
279 685 307
777 687 162
138 199 761
961 736 215
147 555 194
902 415 7
12
795 325 802
39 981 954
61 476 505
312 424 603
889 730 97
274 107 697
865 403 233
970 308 519
263 837 471
472 875 223
71 71 19
826 683 858
23
35 189 338
299 262 675
64 618 132
228 777 790
84 433 460
137 538 226
601 833 38
474 977 819
928 347 977
486 401 908
261 194 380
384 128 892
937 375 906
794 524 857
358 409 994
15 86 141
937 828 494
369 396 831
723 316 991
910 915 454
680 604 121
107 231 790
134 761 471
2
112 943 974
5 885 414
0
