3 5 4
1 1 1
2 1 2
4 3 1
5 4 5
3 2 2
3 5 6
1 4 4
3 6 2
6 8 8
7 3 6
3 3 2
2 3 5
3 5 6
4 4 2
4 3 4
2 7 3
1 3 2
3 1 2
1 2 3
2 2 1
1 2 3
3 9 2
5 6 6
2 3 3
2 1 3
3 10 3
6 3 4
1 1 3
7 10 7
5 1 1
4 1 3
1 1 1
1 2 2
4 4 2
1 2 3
2 1 1
5 2 9
1 2 1
4 5 2
3 2 1
4 3 4
1 2 2
2 3 3
5 5 1
3 1 2
4 3 1
7 1 4
2 3 3
1 2 1
7 2 7
4 1 3
4 4 3
1 1 1
2 1 1
8 9 9
2 2 1
4 2 4
1 4 1
1 4 6
1 1 1
3 3 1
2 5 4
1 1 1
9 6 7
2 2 2
4 4 4
2 2 1
1 1 1
2 2 2
2 4 2
3 4 8
3 5 5
5 3 2
5 5 5
3 1 6
6 4 6
1 7 6
8 5 6
7 6 7
5 3 2
2 6 6
3 1 8
7 5 7
2 1 1
1 4 3
2 5 4
2 2 5
2 9 2
1 1 1
7 4 5
6 4 3
1 3 5
1 1 1
3 6 6
10 2 3
2 2 2
1 2 1
3 3 3
1 1 1
3 4 4
5 1 4
9 6 4
1 1 1
1 1 3
2 1 1
2 3 1
2 8 7
7 5 1
7 6 3
9 3 7
1 1 1
2 2 3
1 1 2
4 8 6
3 4 2
1 1 1
3 3 3
8 4 2
3 3 2
3 5 5
4 4 5
5 1 4
3 4 7
4 2 3
3 1 2
1 1 1
5 2 3
2 1 3
4 7 1
4 5 4
1 1 1
5 4 1
1 1 1
1 2 3
5 2 5
7 7 5
2 2 1
4 4 1
6 3 8
1 1 1
7 4 3
3 1 4
2 2 1
3 5 3
5 1 5
1 2 1
8 3 8
6 4 2
2 3 2
4 3 1
1 1 2
1 1 1
2 3 4
1 1 1
6 3 2
3 3 1
1 1 2
1 1 3
4 6 2
6 3 3
5 7 3
4 3 3
1 1 1
2 2 1
3 4 6
5 1 2
1 8 5
3 5 4
1 1 2
4 8 3
1 2 2
1 2 2
8 6 8
9 5 3
1 3 3
3 3 2
1 1 1
1 4 2
1 5 7
2 3 2
1 1 1
4 6 1
2 6 2
1 1 1
7 3 2
4 4 2
2 2 3
1 1 1
4 8 7
1 1 1
3 2 1
5 1 2
2 6 7
2 2 2
1 1 1
1 1 1
3 1 2
1 1 1
2 2 1
2 2 1
4 2 2
1 10 7
6 5 6
3 3 2
5 2 6
3 5 3
3 2 1
3 2 3
2 4 2
8 2 1
5 3 7
1 1 1
1 1 1
4 4 3
3 3 6
7 5 5
4 2 1
6 7 8
4 5 4
5 5 5
6 7 3
2 1 2
1 2 2
2 3 4
2 1 2
7 2 7
2 2 2
9 9 5
1 2 2
1 1 1
1 4 2
1 1 1
6 3 4
6 1 3
2 3 4
1 4 6
1 1 1
5 5 6
4 1 2
3 1 1
1 1 1
3 2 1
2 2 2
3 9 8
6 3 1
4 1 1
4 7 6
4 8 6
2 1 1
1 2 7
6 3 3
1 4 1
1 2 4
4 3 1
2 1 2
6 1 3
2 6 10
1 1 1
3 1 1
1 1 1
7 2 7
4 8 8
3 3 1
3 1 4
3 1 1
6 1 1
2 8 6
5 4 8
3 3 3
1 1 1
5 4 4
1 1 2
1 2 1
1 1 2
1 4 3
1 3 9
1 1 2
3 4 1
1 1 1
5 3 4
5 3 8
1 2 1
3 2 5
2 7 1
4 2 3
1 4 1
4 3 7
5 2 4
4 8 6
2 1 2
6 4 9
4 3 2
6 2 1
3 2 2
1 2 3
4 3 4
1 3 1
2 6 4
3 4 1
6 5 5
7 9 6
3 2 3
6 7 3
1 8 3
1 2 2
2 2 2
4 3 5
1 2 2
1 1 1
4 3 6
2 1 2
2 7 3
2 5 5
4 6 6
3 2 2
1 1 1
2 1 8
1 1 2
4 4 5
5 6 6
5 5 4
6 6 9
3 3 3
2 4 2
2 2 2
1 1 1
5 7 2
2 1 1
4 7 3
7 4 2
2 8 2
3 1 4
2 2 1
1 1 1
6 3 2
4 8 8
2 4 2
1 3 4
1 1 3
7 5 2
7 6 6
3 1 2
7 4 3
1 1 1
1 1 3
5 3 5
1 1 1
4 4 7
5 5 2
4 1 1
4 1 7
2 2 1
2 1 3
6 5 10
2 10 7
2 1 1
1 1 1
8 6 5
1 6 3
1 3 3
7 3 4
1 1 2
1 8 1
1 2 1
1 2 1
7 7 5
3 1 1
6 1 1
1 1 1
4 2 4
2 1 1
3 1 1
2 2 1
4 5 4
6 3 6
2 2 2
2 1 2
7 9 9
5 4 9
1 2 2
1 1 1
2 2 4
4 3 4
1 3 1
3 3 1
5 2 5
7 2 8
4 3 5
5 6 4
1 1 1
1 8 4
3 3 3
3 1 3
2 3 5
1 1 1
1 1 1
1 2 2
2 1 1
4 4 2
4 4 7
2 3 2
1 4 2
4 3 2
1 1 3
8 3 5
2 1 1
1 6 1
7 5 1
2 2 1
1 1 3
6 7 1
9 2 1
7 7 7
3 2 1
9 3 1
3 2 4
5 2 3
7 9 3
1 4 3
1 1 1
7 8 4
5 2 4
2 4 3
3 4 3
3 4 3
2 4 1
3 1 1
1 3 4
1 2 1
3 8 2
1 2 2
3 2 2
1 1 3
3 3 2
2 2 1
5 9 7
1 1 1
3 3 7
2 2 1
3 5 1
8 8 7
6 4 7
2 3 2
4 4 2
1 1 1
9 6 2
4 1 3
1 1 1
6 6 6
10 6 8
4 1 3
1 3 1
5 3 8
2 4 6
5 4 2
2 4 3
2 1 5
6 3 6
1 6 7
4 3 3
3 4 1
2 7 8
2 2 2
1 1 1
7 6 2
3 1 3
4 4 3
5 3 3
8 3 9
8 4 3
2 2 1
6 6 1
6 3 6
4 5 1
1 5 3
3 3 6
1 6 5
9 2 8
5 2 6
3 3 2
1 5 5
1 1 1
2 4 1
2 6 5
5 2 4
2 1 2
1 3 4
3 1 6
7 6 6
6 5 7
2 2 1
1 1 1
2 3 3
1 7 9
3 5 6
4 6 7
2 2 1
2 1 4
7 7 4
5 4 2
6 4 7
6 4 2
1 1 1
1 1 2
4 1 1
2 1 5
2 1 3
4 2 3
3 8 2
1 2 3
5 6 4
2 2 2
2 1 2
9 6 5
4 3 1
1 1 1
3 1 3
7 5 2
3 1 3
5 5 1
1 1 1
2 2 1
1 2 2
6 4 4
2 5 3
1 1 1
1 2 3
4 4 7
9 10 5
1 6 4
1 1 1
1 5 4
1 1 1
4 1 4
1 3 1
2 2 2
3 3 3
1 1 1
4 2 3
1 2 2
1 1 1
2 2 4
4 9 6
7 6 1
6 5 3
3 8 1
6 7 10
2 2 4
1 1 1
1 7 5
4 6 3
1 1 2
6 4 5
4 3 2
4 4 4
7 7 2
7 5 3
1 1 2
1 2 1
2 4 1
4 3 4
9 10 5
2 9 7
6 3 10
1 2 1
3 1 3
3 1 5
2 5 3
6 3 4
6 8 6
1 3 1
3 2 1
1 2 1
2 2 4
3 2 5
2 2 3
1 1 1
2 2 5
2 6 1
4 3 4
1 7 3
8 5 3
6 2 4
1 1 3
1 1 1
1 2 3
3 1 2
1 1 1
1 1 1
1 1 5
3 2 1
3 3 7
5 4 3
1 2 2
1 1 1
1 1 1
1 7 6
1 2 2
1 6 2
1 1 1
3 5 2
5 7 4
1 3 6
3 3 4
1 2 3
6 2 6
1 1 1
7 4 4
3 2 2
1 4 3
6 5 6
6 8 4
1 1 1
4 3 7
6 4 5
1 1 4
1 1 1
4 2 3
5 5 1
3 6 3
2 1 2
4 4 6
3 2 1
1 1 1
5 8 1
1 2 2
1 1 1
5 2 5
3 1 2
3 2 1
1 1 1
4 2 3
2 3 2
4 1 4
8 8 2
4 2 2
1 1 1
3 2 5
6 1 6
1 3 2
6 2 4
9 6 8
1 1 1
2 3 1
1 2 2
8 4 8
4 6 6
6 6 2
3 9 4
3 8 2
1 2 2
3 3 2
1 1 1
1 2 4
2 3 4
1 1 2
1 1 1
6 3 7
8 1 4
6 4 3
8 7 1
2 1 1
4 5 5
7 2 3
3 1 3
2 4 1
2 5 4
9 6 2
2 2 4
1 1 1
1 1 7
3 2 8
1 1 1
4 4 7
3 9 2
1 1 1
3 2 4
4 2 5
1 2 1
7 3 10
2 1 1
5 3 1
2 1 1
2 2 1
2 5 3
3 2 2
2 2 3
10 6 2
1 2 3
1 3 4
1 1 1
4 8 5
6 7 2
1 1 1
6 7 5
1 1 1
1 3 3
1 2 3
7 1 3
6 4 2
3 3 2
1 2 7
1 1 1
1 1 4
1 5 1
4 6 1
1 4 6
2 6 1
1 5 5
2 1 1
2 5 4
5 4 6
1 8 8
4 3 1
5 6 2
2 3 1
3 2 1
3 7 6
6 7 4
1 1 1
1 1 1
2 2 1
3 2 6
5 2 3
4 4 4
1 3 3
1 1 1
3 5 1
5 5 6
5 6 1
1 4 3
1 1 1
1 2 3
1 1 1
1 1 2
2 1 1
6 3 4
2 8 7
1 3 2
1 1 1
1 5 6
1 1 3
6 1 3
1 1 1
1 3 1
4 3 3
1 1 7
6 7 5
2 3 3
1 2 1
4 4 2
1 2 1
1 1 1
4 3 4
3 7 6
2 1 1
1 2 5
1 1 2
5 7 4
2 7 5
2 1 2
1 2 1
3 3 1
2 2 1
4 6 7
1 1 1
4 1 3
3 1 2
5 5 3
3 4 1
1 1 7
2 1 3
1 3 2
7 4 5
1 2 1
2 5 1
8 1 7
3 3 2
1 1 2
1 1 4
6 9 1
1 5 5
3 2 2
2 1 1
3 7 2
5 3 1
5 3 9
1 1 1
2 6 8
2 3 2
2 3 3
1 1 1
1 3 1
5 6 2
5 2 8
1 4 1
1 1 1
4 10 10
2 1 3
4 3 4
6 5 4
4 4 5
2 2 6
2 4 1
3 3 1
5 5 10
2 1 3
1 1 1
8 5 1
9 7 1
5 7 1
1 1 1
2 1 2
6 7 5
1 3 1
7 8 6
8 3 7
1 2 1
2 2 2
5 8 10
6 6 7
5 6 6
1 1 1
1 2 4
1 2 4
6 2 1
6 5 6
1 1 1
4 4 1
1 2 1
2 9 9
2 3 1
1 1 1
1 2 2
2 3 1
8 4 9
4 1 2
3 3 3
2 1 2
10 3 4
1 2 2
3 3 4
5 2 6
1 2 1
3 2 2
6 2 3
6 5 1
4 3 4
6 3 1
4 2 1
7 3 7
5 6 5
2 2 1
1 3 2
2 3 5
3 5 1
1 1 2
2 4 1
7 5 5
3 1 5
2 8 2
8 4 1
1 1 1
6 6 3
2 9 9
1 5 2
4 5 1
7 4 2
7 6 2
1 2 1
6 2 6
1 3 1
3 4 3
4 2 2
6 3 7
2 6 2
9 9 8
8 5 8
7 4 5
9 1 6
1 1 2
4 1 3
3 4 5
1 7 2
1 1 1
1 1 1
4 6 2
1 1 1
5 1 3
1 2 2
2 7 6
2 3 3
1 3 3
6 3 5
3 4 5
4 2 5
4 4 2
4 4 5
2 6 6
4 2 7
4 6 3
6 5 5
2 1 3
6 1 1
5 6 6
3 1 2
5 3 1
2 8 1
10 3 5
5 3 6
3 1 4
5 4 2
9 9 3
3 6 2
3 2 1
1 2 2
3 4 5
1 1 1
6 6 4
5 1 6
2 1 4
3 4 3
3 5 6
1 1 1
6 4 1
1 1 1
2 1 3
6 2 4
1 4 1
4 9 7
3 8 6
8 9 1
5 3 5
1 1 1
5 3 4
1 3 1
6 7 4
1 6 4
2 2 2
1 3 2
5 4 3
6 10 10
1 2 2
5 4 4
1 1 1
2 4 1
2 3 4
4 2 2
1 5 6
4 7 6
1 2 1
3 2 2
8 7 3
3 6 5
2 3 2
1 1 1
6 9 8
2 2 1
1 1 1
1 2 1
8 3 7
4 3 1
4 8 1
1 2 3
5 8 6
7 7 3
8 7 10
2 2 1
5 7 3
4 3 3
8 5 3
2 5 5
2 3 4
5 7 5
1 4 3
2 2 2
4 2 1
1 1 1
4 1 4
5 1 3
2 2 1
1 1 1
8 5 1
1 1 1
1 1 1
1 3 2
3 2 6
1 1 2
1 6 5
9 6 2
5 3 4
1 5 4
4 1 3
3 3 3
2 1 5
2 1 2
1 2 2
3 1 5
4 2 1
4 3 2
2 2 1
1 2 4
3 5 2
3 1 2
1 2 2
2 1 3
1 4 6
5 4 3
1 2 1
1 1 2
4 3 1
7 5 1
1 6 2
5 2 5
1 7 4
4 7 4
5 3 2
3 2 2
5 4 1
8 5 7
3 3 2
1 1 1
3 3 4
3 2 2
2 1 1
7 7 6
2 2 1
4 7 10
3 3 1
1 1 1
1 1 1
7 4 5
9 7 7
4 7 8
1 1 1
4 3 3
1 1 1
1 2 2
10 10 2
2 4 7
1 1 4
6 5 2
5 2 4
1 2 3
7 8 3
1 1 3
4 3 1
7 5 5
1 1 1
2 3 3
1 1 1
3 5 1
2 4 1
1 1 1
2 1 6
2 2 5
2 2 2
9 8 7
1 1 1
1 3 4
4 5 3
1 1 1
1 1 1
1 9 3
1 1 1
7 2 6
1 5 3
2 2 1
5 4 1
2 7 4
7 6 3
10 7 9
2 1 2
2 7 7
1 1 1
2 3 1
5 3 7
2 4 6
4 1 3
1 1 1
3 1 2
2 1 2
1 2 1
5 5 4
3 3 1
1 1 2
3 2 3
2 2 3
3 3 4
4 1 3
5 1 1
1 1 2
1 3 7
1 7 3
8 2 8
1 3 1
2 2 3
1 1 6
2 2 3
9 6 8
1 9 5
1 2 2
1 2 1
4 7 4
1 1 2
9 1 6
1 1 1
3 3 3
7 3 1
2 2 3
1 1 1
3 3 2
1 3 2
4 3 5
2 1 2
4 2 4
1 2 3
3 5 3
1 1 3
7 4 1
9 10 10
5 4 3
1 1 1
1 2 4
8 1 7
2 4 8
4 4 1
1 1 1
1 1 1
4 2 3
2 2 1
3 4 5
2 3 2
2 2 1
3 8 7
2 6 6
9 10 6
1 5 8
2 1 1
4 4 6
5 4 3
8 7 1
1 1 1
3 2 9
1 1 1
2 5 2
2 1 8
2 5 8
1 2 3
1 1 1
3 5 7
1 2 2
1 5 3
3 1 5
3 3 4
4 3 2
2 8 8
7 1 4
8 3 8
2 4 3
4 1 1
7 2 6
2 1 1
7 1 1
5 1 2
8 3 6
5 3 1
1 1 1
2 2 5
1 2 2
2 1 1
2 2 1
1 3 1
6 1 2
5 7 2
8 6 9
6 6 5
4 1 3
2 3 4
1 1 1
3 5 4
2 2 2
2 3 3
3 1 3
1 2 1
4 7 7
10 10 7
4 6 5
6 8 5
3 3 6
1 6 2
7 3 6
4 3 1
2 2 2
7 1 2
7 2 7
1 1 1
1 1 3
8 5 9
4 2 1
9 9 7
1 1 1
3 7 2
8 4 8
1 3 4
4 1 4
1 10 6
6 3 5
2 2 1
5 6 7
1 1 1
1 1 1
1 3 1
1 1 2
4 5 6
8 2 2
4 5 2
1 1 1
1 1 1
1 2 2
1 1 1
1 1 2
2 1 4
4 2 1
1 2 2
1 1 1
1 3 5
1 1 1
3 3 3
2 1 1
5 9 3
7 7 3
8 3 7
1 6 5
1 1 1
1 2 2
2 8 4
1 2 1
9 10 9
1 5 4
2 1 3
8 7 7
6 7 5
1 3 4
1 1 1
1 2 2
3 4 2
2 1 7
1 2 2
1 2 1
3 2 3
1 1 1
6 9 8
2 4 1
1 2 1
4 3 3
6 4 7
1 1 2
1 1 1
3 1 2
5 2 2
2 1 1
6 3 7
8 4 5
2 2 1
2 2 2
3 1 4
5 2 4
2 6 6
8 2 1
1 1 1
1 6 6
4 2 1
3 2 5
1 1 1
2 1 2
1 2 1
4 3 1
3 5 2
8 4 8
3 4 7
2 2 2
7 9 9
4 1 4
1 2 3
9 9 7
1 1 1
3 2 6
3 4 3
3 2 3
1 2 1
3 2 2
2 2 1
7 4 4
9 8 3
4 1 2
2 1 2
1 1 1
1 3 9
1 4 1
2 2 1
2 1 2
2 3 2
1 7 5
5 3 7
3 6 7
1 3 3
2 3 2
7 3 7
7 5 2
2 3 3
1 5 2
2 6 1
4 5 3
2 1 3
4 2 1
3 4 6
5 2 7
4 5 4
6 3 3
1 1 1
1 1 1
1 3 2
2 2 2
1 1 1
5 3 2
3 1 1
10 9 10
1 3 2
6 6 6
6 8 8
3 6 2
3 4 2
7 4 6
3 3 4
7 2 7
1 8 8
5 6 6
1 1 2
3 9 2
4 3 4
9 7 1
7 6 2
3 1 4
2 3 5
3 1 3
6 7 7
7 8 8
1 1 8
2 2 2
2 3 1
3 1 2
6 1 4
1 5 1
3 5 1
1 1 1
4 7 6
1 6 5
1 1 1
2 1 1
2 6 9
4 3 4
3 3 1
4 5 5
3 5 6
7 2 5
1 7 6
2 1 1
7 8 1
3 2 2
1 2 1
2 2 1
1 1 1
1 1 2
3 1 3
1 2 1
1 1 5
7 5 6
1 2 1
1 1 1
4 2 5
6 6 1
8 3 10
5 7 3
7 6 8
4 4 7
2 4 5
2 2 1
2 1 1
6 5 5
2 6 6
6 2 1
6 3 1
3 3 3
3 1 8
4 3 3
8 5 7
5 1 3
2 4 5
6 7 6
3 4 5
7 1 9
2 1 1
3 4 5
4 7 3
1 4 3
2 3 3
1 1 3
2 2 4
1 1 1
1 1 1
5 7 6
2 1 2
3 3 4
4 2 2
1 1 1
3 1 5
1 1 2
3 4 1
6 8 7
2 3 3
2 2 2
1 1 1
4 6 3
2 2 4
3 2 1
1 2 2
5 3 5
2 2 1
2 6 4
4 6 3
6 1 3
6 1 3
3 3 3
7 4 3
1 2 2
1 5 4
1 2 3
9 2 3
3 3 4
5 4 2
5 2 1
1 1 1
2 5 3
1 1 1
2 1 3
1 5 5
4 1 7
1 1 4
2 3 4
1 1 1
2 2 2
8 5 1
9 6 5
3 4 1
1 3 3
5 2 1
1 2 2
6 5 6
3 6 1
3 3 5
1 5 2
8 2 9
1 1 1
7 3 7
1 5 4
4 4 4
1 1 1
2 7 8
2 2 4
1 2 2
1 2 2
2 4 3
4 5 2
5 4 2
4 4 2
5 1 5
4 3 3
5 4 5
3 9 5
1 7 7
1 1 3
6 2 4
2 1 2
1 1 1
2 4 3
1 7 10
1 2 1
6 4 4
1 1 1
9 5 2
1 5 7
2 1 3
1 1 1
3 8 6
3 2 1
3 3 3
2 9 8
5 1 2
3 2 1
7 7 3
5 7 4
2 2 2
1 2 5
2 8 5
2 1 2
7 4 6
2 3 3
1 2 1
7 7 2
8 4 3
1 7 8
3 4 2
6 7 6
6 6 5
1 2 2
1 1 3
3 1 1
2 4 1
1 1 1
1 2 1
2 5 3
1 1 1
3 2 2
1 1 1
1 1 1
1 4 5
3 4 4
7 7 2
4 6 3
1 2 3
6 3 2
5 1 4
8 7 3
2 5 5
2 2 4
3 1 1
8 6 8
2 2 1
1 1 1
9 1 6
4 3 2
2 3 3
2 6 1
1 1 1
2 1 1
2 4 6
7 6 1
1 3 1
3 6 4
5 1 4
1 1 1
3 3 2
3 4 3
6 3 2
1 2 1
4 3 3
6 4 6
6 3 6
6 7 3
6 6 6
1 1 1
3 2 3
7 1 5
9 3 4
4 2 8
1 1 1
9 8 7
1 1 1
2 2 1
3 1 6
3 3 4
2 4 3
2 9 5
5 1 3
4 4 1
2 6 6
4 5 4
3 7 7
2 2 1
1 1 1
2 1 3
6 5 1
1 1 2
1 1 2
5 3 1
2 3 9
8 2 2
1 3 3
6 3 4
1 9 6
2 4 1
4 4 5
2 7 2
6 2 2
8 6 4
2 1 1
1 1 2
7 1 1
3 3 1
1 1 1
2 1 3
7 7 4
2 6 1
3 3 2
3 2 3
1 2 1
3 2 2
7 7 5
1 2 4
4 8 7
2 3 4
1 8 3
5 2 1
2 5 6
1 4 1
7 2 2
3 3 1
2 2 2
1 1 1
1 5 2
2 7 4
1 1 1
3 3 4
2 2 5
8 9 9
2 2 1
1 4 7
3 3 2
2 4 1
5 1 6
1 1 1
1 1 1
5 4 1
1 3 1
1 3 5
8 3 8
1 1 1
4 2 2
8 8 5
3 1 9
7 4 3
2 4 6
1 1 2
2 1 2
2 1 1
5 5 3
7 9 9
1 3 3
5 6 9
4 4 1
1 1 1
5 3 2
9 4 3
3 2 2
8 2 5
2 5 3
1 1 2
3 3 1
1 6 4
5 1 4
9 5 5
3 2 5
2 4 2
2 2 2
2 2 5
8 8 4
1 1 5
2 8 8
4 3 2
7 1 5
1 6 6
6 1 7
4 1 3
2 1 2
1 4 4
2 4 7
6 5 8
3 2 3
1 1 1
2 7 5
6 6 3
5 4 1
4 3 2
1 1 3
1 7 3
2 3 3
2 4 6
1 1 1
2 3 1
8 9 6
1 1 1
1 2 2
5 4 4
3 1 1
1 1 1
2 2 2
7 1 4
4 4 2
2 3 2
4 1 4
5 5 3
6 3 3
2 1 1
1 5 1
2 2 1
6 2 8
3 1 1
3 3 7
1 3 2
1 2 1
1 3 5
6 8 4
1 3 5
6 1 2
1 2 1
2 4 9
1 1 1
1 2 2
1 2 2
3 2 2
1 1 2
2 1 1
2 4 6
9 9 7
10 10 8
6 2 3
3 2 3
4 1 1
1 6 4
1 1 1
10 7 10
5 3 8
10 10 7
5 3 1
4 4 3
2 1 3
5 6 6
1 1 1
3 4 2
1 2 1
1 1 2
5 6 7
2 2 4
7 4 9
4 1 4
2 1 2
3 1 2
2 3 3
4 2 4
1 4 4
4 1 1
1 8 8
2 3 9
4 8 8
2 5 2
2 5 2
1 7 7
1 2 2
4 4 6
4 6 1
1 4 5
3 1 4
1 1 1
2 2 2
3 6 3
4 5 9
2 4 2
1 9 6
3 8 4
1 1 2
3 3 3
3 4 1
2 1 2
4 3 1
6 8 7
1 2 4
3 2 1
1 1 1
2 3 2
1 1 1
2 1 3
1 1 1
5 6 1
2 4 1
7 3 2
1 2 1
2 4 3
10 4 8
6 6 7
1 1 1
4 4 5
1 1 1
5 2 2
8 2 2
4 6 6
2 1 4
7 6 1
1 8 3
1 1 2
5 1 6
4 4 1
1 1 1
2 1 2
5 2 1
4 7 4
1 1 1
3 3 1
1 5 7
1 1 1
1 1 1
1 1 1
1 9 2
1 7 7
3 3 2
1 1 1
1 1 2
2 3 7
1 4 2
4 2 8
2 1 1
2 4 4
4 5 7
10 5 3
10 5 3
4 2 3
6 5 5
1 1 1
2 2 2
2 2 1
3 5 3
2 4 4
3 1 1
2 2 2
8 5 3
1 4 2
4 2 1
1 3 3
2 2 2
3 4 4
7 5 7
1 3 1
1 1 1
3 6 5
1 1 2
1 1 1
5 7 7
2 1 1
1 1 1
6 1 1
5 5 5
1 1 1
5 2 3
3 4 7
5 3 2
1 1 1
6 7 5
2 1 2
1 4 1
1 4 3
4 4 1
3 2 4
6 7 7
1 5 6
2 1 1
1 3 7
2 1 3
4 3 1
3 1 1
2 3 3
3 2 3
1 1 5
4 5 2
6 10 5
4 3 2
2 3 3
5 5 7
8 5 4
3 2 9
6 4 4
1 1 1
2 3 1
2 2 1
1 1 1
1 3 1
1 5 6
3 4 4
2 2 1
5 1 5
6 1 6
1 6 5
1 1 1
2 2 7
5 1 4
4 4 1
7 1 6
6 6 1
5 7 2
6 6 8
3 1 4
3 2 2
1 5 5
3 1 5
1 1 3
1 1 1
2 3 1
3 2 5
1 1 1
2 7 6
5 4 5
1 1 1
4 5 3
4 4 1
4 5 5
1 1 1
1 1 1
3 1 5
2 2 2
8 9 2
1 10 9
3 3 4
4 2 5
3 3 2
7 5 6
7 8 2
1 4 4
1 1 1
1 1 1
3 3 2
1 4 4
3 3 3
7 4 7
7 8 8
6 6 5
7 5 10
4 5 5
8 8 1
6 2 1
6 1 3
1 1 2
2 6 6
8 2 8
5 10 7
1 1 1
5 5 1
2 2 3
1 1 1
2 2 2
7 2 5
1 1 9
3 1 8
3 3 6
1 2 3
5 5 2
1 1 1
5 2 5
2 2 6
6 4 1
1 3 3
1 1 1
1 1 1
3 3 4
1 1 3
6 4 8
5 5 2
4 2 4
6 6 6
5 6 3
2 2 4
1 6 8
3 4 4
5 5 4
1 1 1
6 6 5
5 2 5
3 5 5
6 3 4
1 1 1
2 2 1
2 3 3
1 4 9
4 2 3
2 1 2
3 5 3
1 1 5
1 4 2
5 5 1
1 3 2
1 1 1
9 9 4
7 2 9
5 8 6
2 2 2
2 2 4
1 1 1
6 2 8
5 4 3
3 10 7
1 1 1
12 31 7
9 19 9
21 32 9
15 34 23
35 14 40
6 7 26
28 31 14
46 14 31
24 40 45
1 10 24
35 3 33
20 40 42
22 27 14
33 6 12
45 38 11
2 8 40
4 35 33
19 33 23
4 19 15
26 26 3
21 18 3
12 2 35
2 23 12
25 12 1
3 15 25
19 37 32
38 32 1
10 19 31
2 21 11
7 34 25
9 24 4
9 4 27
21 24 4
14 24 21
1 14 35
25 17 10
25 4 39
15 18 21
7 30 18
3 27 9
11 38 2
22 15 30
26 6 18
1 3 3
14 24 11
2 12 47
5 3 37
42 14 15
29 36 42
30 15 4
20 33 32
48 4 37
21 49 28
9 7 18
20 32 22
12 36 44
18 27 7
15 21 20
11 5 41
25 39 25
14 19 25
19 20 24
37 42 49
19 18 20
38 1 5
30 39 22
27 31 17
7 31 29
37 9 11
10 13 16
16 10 12
11 36 18
3 31 24
31 8 26
4 30 30
10 14 22
4 2 9
29 27 2
42 23 34
22 34 11
11 22 32
17 41 41
26 35 28
25 36 35
15 6 25
30 3 14
34 28 33
38 6 38
38 18 43
24 36 34
28 31 12
7 24 34
24 15 13
12 17 6
4 22 6
20 9 29
35 5 12
27 27 8
11 25 35
44 39 36
3 19 21
16 5 40
14 22 9
21 29 7
6 7 12
44 19 48
2 11 5
6 1 23
28 29 29
1 16 17
26 13 37
24 2 24
13 32 10
8 12 4
9 5 21
20 17 38
31 25 14
7 39 25
19 23 20
19 9 2
46 40 10
15 18 30
6 11 7
28 43 11
18 33 13
3 31 29
14 33 34
23 5 30
24 20 8
49 41 30
39 1 40
34 42 18
26 24 32
4 6 26
14 8 14
9 49 20
22 8 17
13 25 30
11 31 7
42 7 14
44 43 41
29 25 27
30 13 34
16 9 6
15 39 49
32 36 16
11 24 27
11 20 7
31 27 13
35 30 9
3 28 29
3 10 3
26 2 29
34 4 24
24 10 27
24 26 16
17 21 33
4 37 26
2 41 23
1 35 18
4 36 37
30 14 12
15 30 19
18 21 44
4 27 35
15 3 19
17 35 30
9 15 24
3 18 14
14 10 7
19 31 12
36 35 28
5 19 19
26 18 6
1 14 19
17 18 2
5 25 25
34 14 34
20 25 41
21 30 18
26 7 36
22 37 30
8 31 15
21 2 34
36 20 41
17 29 15
25 8 25
19 11 19
10 3 33
29 11 17
3 21 23
3 14 20
1 13 2
1 23 14
6 24 11
5 34 25
20 22 32
12 39 1
37 3 43
33 30 24
6 12 33
6 4 7
38 14 25
27 29 14
21 19 22
38 16 38
5 13 8
11 22 23
33 14 28
6 35 17
32 5 8
22 34 39
18 7 26
9 33 4
19 20 12
14 2 23
7 16 23
35 28 1
5 35 10
21 32 10
31 26 7
18 22 21
20 9 37
43 23 30
4 5 38
17 4 4
13 2 5
24 33 14
27 15 8
32 29 5
30 4 9
8 17 35
11 21 8
47 33 31
27 34 11
28 12 13
7 3 32
25 26 19
22 1 30
33 14 21
3 16 16
43 31 36
15 28 27
24 1 11
2 20 21
41 45 16
31 10 12
3 22 24
38 4 40
46 34 25
19 12 4
8 31 36
24 16 37
3 37 40
4 29 32
13 43 12
30 20 8
23 6 18
13 1 15
6 8 8
13 15 16
30 47 33
34 3 17
22 15 25
19 4 18
8 4 30
30 13 15
18 29 24
9 1 24
23 15 14
39 13 11
29 25 23
5 7 35
27 5 15
27 3 34
11 15 26
30 25 20
17 24 12
30 29 5
20 14 33
23 21 1
46 34 42
41 27 24
9 42 3
20 6 10
1 35 18
24 5 18
13 22 23
37 28 38
15 10 12
31 7 23
35 23 6
14 23 24
3 20 33
12 2 27
21 33 16
25 2 9
25 45 5
9 3 14
11 13 15
11 24 5
22 5 21
42 15 26
30 15 9
26 23 8
1 16 9
29 9 14
4 34 19
31 22 34
36 15 32
14 7 3
12 19 5
25 20 7
5 13 2
8 37 18
32 8 21
40 24 42
22 12 11
47 19 30
7 8 34
17 27 18
31 6 11
24 25 36
22 21 23
15 38 22
42 13 17
24 38 40
37 13 26
25 32 38
31 32 6
16 18 16
31 42 35
23 1 27
21 26 1
16 4 21
1 9 39
24 2 10
37 4 17
7 34 23
31 32 30
2 28 5
7 29 32
6 8 11
12 40 15
34 31 31
22 21 8
1 24 45
5 15 15
22 1 3
5 29 13
6 9 34
2 17 9
49 12 27
16 1 31
7 3 4
8 17 16
46 22 42
42 28 18
35 18 23
36 4 30
25 29 41
28 20 16
21 26 14
18 39 20
31 24 7
33 20 34
34 19 6
40 2 22
28 4 38
28 40 7
29 2 24
41 11 22
25 17 16
29 28 20
6 31 34
10 3 19
19 24 28
34 18 42
1 1 10
18 5 4
3 6 32
39 24 40
19 11 6
40 34 1
13 25 30
30 38 1
43 41 24
12 23 36
17 31 10
19 38 40
3 3 29
17 12 35
24 21 19
32 9 4
34 33 8
7 25 13
27 34 29
40 21 3
26 9 8
38 36 36
9 38 19
18 36 38
21 18 20
12 1 27
6 16 29
27 41 13
25 4 9
14 28 41
30 32 12
38 30 32
16 32 3
20 3 4
36 38 39
36 4 5
3 16 14
25 11 25
18 35 29
5 32 6
32 8 16
23 18 41
14 1 21
9 25 23
47 25 24
9 25 12
22 32 31
5 31 34
24 32 40
7 17 29
41 32 13
30 5 34
18 6 16
39 5 21
28 5 12
21 28 1
25 38 40
19 40 41
14 5 31
15 37 16
43 46 48
7 9 27
15 22 28
7 11 34
11 29 28
18 11 31
22 32 6
11 16 30
29 38 49
16 7 28
2 36 23
20 1 40
15 29 32
1 12 24
28 28 24
25 40 12
8 44 12
10 11 32
32 11 25
3 30 18
38 20 31
16 25 28
17 29 6
21 11 42
26 16 14
29 27 29
18 30 11
24 9 26
9 39 17
3 4 2
2 43 29
2 25 27
9 14 23
21 14 40
34 24 39
28 31 7
26 16 13
4 34 25
30 30 29
33 20 22
42 23 35
10 22 1
2 10 9
15 31 9
10 18 15
38 31 20
12 22 31
23 12 30
36 18 26
28 22 27
1 37 6
14 9 33
12 23 11
30 14 23
30 21 29
28 3 14
23 24 1
25 35 2
41 13 24
21 35 8
28 6 25
15 23 35
34 13 8
26 24 23
6 6 38
10 33 35
27 31 17
5 47 45
15 29 7
2 25 43
27 29 15
15 28 35
6 23 21
33 41 12
30 4 45
26 23 17
4 9 16
20 4 41
36 1 11
21 22 8
1 11 16
20 8 27
17 18 49
29 24 15
23 2 19
42 21 22
39 8 12
24 37 3
6 5 30
22 38 9
5 7 8
34 8 25
31 26 4
20 29 2
35 16 7
33 31 1
18 38 9
39 37 7
3 4 31
26 5 32
10 41 12
39 21 38
22 23 17
35 42 30
39 7 9
23 15 3
34 13 8
35 22 30
2 5 2
2 16 10
10 34 32
8 31 22
1 22 29
15 30 17
20 19 27
5 12 14
28 11 39
25 8 14
21 30 11
15 28 19
21 29 12
44 28 39
12 19 24
43 27 44
13 15 5
30 12 47
17 32 23
13 29 7
26 23 25
31 10 5
16 36 6
35 10 6
1 7 15
12 4 46
17 31 26
8 47 24
26 18 3
5 5 38
17 26 17
5 20 14
3 25 18
41 5 40
9 10 38
13 30 46
16 7 25
29 22 18
32 3 10
34 31 10
24 8 22
13 11 15
39 44 44
34 35 28
15 26 19
25 15 32
14 30 38
31 39 43
6 44 8
32 20 33
13 4 28
16 14 3
21 3 23
15 30 19
41 10 30
39 4 38
11 12 31
13 11 22
23 29 9
35 27 32
7 20 4
39 4 41
25 27 25
27 19 4
15 10 27
3 3 17
43 29 40
38 37 25
10 32 7
22 40 34
23 7 7
32 23 27
2 7 3
26 18 19
8 41 37
34 13 23
21 36 22
16 25 2
15 17 4
16 29 10
8 1 41
18 21 25
24 11 13
22 10 25
37 8 38
2 24 13
7 30 11
28 9 2
29 26 10
28 16 41
26 11 39
48 14 21
7 4 23
6 40 26
14 4 15
34 42 40
26 9 4
32 18 8
26 33 41
22 14 42
8 4 26
1 2 30
25 28 30
1 5 41
19 1 17
17 4 17
9 17 17
49 27 45
40 6 27
6 25 18
39 36 43
8 15 37
18 43 41
30 1 19
2 30 23
28 6 8
17 49 47
32 33 3
2 30 34
19 3 12
17 32 27
32 27 34
11 7 31
6 17 23
22 2 2
22 26 12
26 28 29
35 22 49
16 22 24
4 34 25
6 21 29
22 3 30
36 9 9
19 7 1
35 19 17
8 7 28
32 11 8
15 13 7
4 10 25
25 15 6
30 45 9
28 16 34
28 29 35
25 15 11
4 36 30
31 3 29
8 14 5
4 15 34
42 38 6
13 40 24
35 32 23
7 6 8
22 22 23
8 25 22
18 5 4
22 17 13
3 4 5
32 28 13
27 27 28
23 22 15
24 10 32
2 20 24
1 27 36
31 8 3
28 8 24
35 19 15
26 24 17
31 2 27
13 16 8
37 40 2
12 13 18
41 23 23
2 36 25
43 42 33
21 48 8
30 34 45
29 34 3
1 33 8
36 2 13
13 4 16
38 5 6
10 17 28
2 13 15
38 35 3
48 18 6
33 29 23
5 18 9
30 13 9
11 20 30
36 31 11
36 30 23
4 15 29
17 2 2
17 3 1
8 16 16
2 23 20
18 19 5
7 33 6
28 30 30
16 27 15
25 37 37
18 32 25
33 9 9
6 2 31
2 4 24
16 5 35
40 37 3
10 35 13
26 32 6
42 46 12
2 22 7
6 14 36
14 18 29
31 29 2
1 17 15
42 41 13
33 33 42
27 33 32
22 23 40
13 11 1
32 27 1
21 25 12
25 27 38
13 15 10
25 23 9
29 5 38
21 31 13
17 23 12
30 24 2
39 15 14
25 47 1
30 26 43
35 4 21
20 25 23
31 30 36
32 29 26
28 17 31
30 4 19
21 6 10
15 12 43
18 7 21
48 19 38
8 13 6
17 26 20
9 4 10
39 19 19
10 10 11
23 7 28
12 20 16
14 27 27
5 2 35
23 18 21
8 31 9
21 3 29
29 32 6
30 9 33
36 19 27
24 23 16
4 15 15
30 16 29
13 7 26
20 43 10
25 31 25
5 12 35
15 14 20
22 31 19
5 17 22
32 2 4
20 24 7
22 23 31
19 19 21
3 17 22
4 33 24
14 25 15
26 9 15
38 39 37
17 21 40
1 35 10
12 8 16
7 8 2
38 11 5
23 11 24
16 38 32
40 4 38
7 27 20
18 38 10
26 28 14
2 29 12
37 5 36
8 33 32
3 47 3
22 12 14
31 3 4
20 12 36
31 2 3
16 21 23
45 23 31
18 20 28
1 7 18
2 43 15
1 19 18
18 10 28
27 29 1
7 20 2
9 3 25
14 26 14
16 42 11
27 31 7
19 12 43
26 36 9
6 17 25
16 12 20
28 6 12
25 14 10
23 32 24
13 37 5
13 30 41
17 37 2
47 32 46
3 23 2
25 16 29
2 30 12
33 7 24
15 6 24
20 16 37
13 28 31
14 10 3
31 34 16
14 4 26
7 15 33
8 26 13
1 25 1
1 28 9
10 26 23
1 9 25
8 35 5
2 3 4
26 8 37
34 2 36
11 3 16
45 24 2
19 26 34
18 26 6
42 7 28
8 12 40
5 2 35
33 39 28
10 16 32
35 18 2
22 43 39
5 16 27
2 20 6
25 23 9
24 47 24
16 11 11
32 2 5
3 7 18
38 3 16
34 21 6
9 13 6
19 21 42
21 3 16
15 7 17
28 28 16
15 15 27
31 4 19
30 24 28
16 13 39
4 1 40
48 12 5
32 36 17
36 19 27
27 27 24
20 6 15
31 31 17
2 25 8
29 22 19
35 45 12
28 27 16
30 22 8
18 18 22
6 21 28
7 1 29
21 39 10
35 2 32
22 6 24
42 8 31
21 25 27
13 32 30
38 30 18
39 9 29
13 16 35
8 29 28
31 11 2
41 2 13
5 23 37
11 26 26
27 43 17
10 24 26
15 24 38
36 35 4
12 11 32
14 2 6
10 14 20
6 38 7
26 26 33
12 18 35
29 8 16
39 29 22
33 26 2
1 36 5
39 4 22
10 19 26
17 8 21
28 27 12
33 37 32
23 34 8
18 17 17
5 43 41
31 30 4
31 36 5
3 4 17
41 9 46
8 10 23
24 14 31
26 6 23
36 13 46
20 26 33
4 34 47
28 25 14
16 20 9
32 3 42
9 16 18
10 21 9
28 28 1
5 36 23
25 35 33
21 17 19
21 27 20
1 34 3
41 35 48
11 9 18
17 4 21
22 29 43
31 23 19
18 46 11
2 49 29
27 12 31
10 13 17
28 31 19
26 17 11
36 17 6
33 25 23
3 17 7