9
17 38
28 3
40 26
12 42
47 50
19 6
48 48
35 25
15 25
16
13 11
2 18
43 39
29 38
11 37
24 48
31 20
16 36
41 14
0 34
24 27
38 50
9 21
4 44
36 21
31 31
13
46 49
33 44
30 43
28 40
26 37
24 35
21 32
19 27
18 22
15 20
11 17
9 13
8 8
14
43 11
28 50
1 10
4 11
34 13
17 10
7 20
39 10
19 49
31 5
14 1
35 14
23 39
10 32
3
40 22
32 17
23 12
9
43 18
13 34
37 46
14 41
4 37
21 38
11 36
10 20
42 18
16
44 17
7 45
6 21
39 25
38 25
17 39
44 7
2 50
33 13
42 1
8 0
17 33
3 10
5 40
45 5
29 48
17
14 14
5 9
0 18
40 5
44 19
49 42
11 10
35 18
46 7
35 7
11 49
36 29
37 46
49 45
45 4
47 49
19 28
5
31 43
18 34
12 33
11 14
8 12
5
35 44
29 25
13 9
21 18
20 36
1
8 43
15
41 40
15 39
32 28
22 38
36 1
26 1
27 10
20 41
38 8
2 19
9 30
27 5
25 25
24 5
20 47
9
48 38
48 35
43 35
38 30
38 30
36 27
29 20
13 12
1 1
28
49 47
47 46
43 41
43 40
42 39
41 36
40 35
39 35
39 31
34 30
33 30
32 28
30 24
30 22
29 21
26 20
25 18
22 18
21 16
21 11
13 8
13 7
11 7
8 6
6 4
5 3
3 1
3 1
8
49 43
45 38
41 24
30 20
24 8
15 8
9 2
5 0
3
25 23
23 40
16 13
16
41 50
41 45
40 43
40 41
39 37
37 36
37 34
32 33
30 32
22 30
22 18
20 16
18 15
17 14
14 9
11 3
14
22 37
50 30
45 19
21 36
26 23
27 43
17 43
38 19
9 44
35 5
20 22
38 45
8 41
1 48
29
38 25
49 40
16 24
7 22
7 42
14 14
33 5
33 27
21 19
8 45
35 30
42 40
27 12
15 33
39 6
34 6
3 38
20 8
20 48
25 28
37 28
37 20
15 9
28 35
2 10
19 45
3 5
4 37
1 27
22
44 36
38 6
9 7
42 39
18 29
28 4
8 36
29 39
37 6
50 43
12 19
50 18
21 0
8 34
50 1
28 41
12 44
43 17
38 31
43 33
26 26
33 6
18
36 34
21 12
36 2
2 0
40 43
9 11
6 33
17 48
44 13
1 7
22 14
23 6
41 29
41 7
29 26
27 49
38 3
26 41
21
39 32
11 25
0 5
40 0
18 41
18 13
14 17
4 33
3 49
48 2
32 31
38 14
31 49
20 25
17 26
14 2
22 15
9 13
19 38
20 19
44 50
16
14 6
11 41
37 18
17 16
33 32
42 18
31 29
42 34
24 38
1 25
38 8
41 15
45 48
25 14
45 24
15 21
14
39 49
37 46
35 40
34 37
34 37
25 34
23 28
17 26
17 18
17 15
12 12
11 4
11 3
9 0
11
29 35
29 3
15 31
43 14
20 33
27 0
1 41
41 2
34 44
20 50
48 48
26
47 49
44 47
42 46
41 41
41 41
36 39
34 37
32 36
31 32
29 30
27 29
27 28
25 27
24 23
22 22
20 19
19 19
18 17
15 14
14 13
14 9
14 9
13 8
8 6
7 1
0 0
29
21 16
34 21
44 18
35 7
37 10
15 27
12 50
34 28
10 28
28 20
13 7
9 19
39 21
19 30
22 2
5 40
48 36
0 10
17 2
42 11
40 30
13 23
12 19
30 4
11 15
13 29
33 20
10 6
10 36
8
41 13
2 5
11 14
7 4
39 23
23 25
43 14
40 47
25
48 50
47 45
47 41
46 41
45 40
45 40
36 39
36 38
35 33
33 30
32 28
28 24
28 21
23 20
21 18
18 17
16 16
15 15
14 15
9 15
8 13
8 10
8 8
5 2
2 1
4
34 49
32 40
32 39
12 27
15
41 46
32 36
31 32
30 29
28 26
20 20
14 20
14 19
11 19
9 18
8 17
8 15
7 15
2 15
1 11
3
49 36
44 14
31 3
16
0 33
17 37
43 27
9 25
35 25
6 9
48 7
7 50
25 29
43 7
22 49
15 41
10 47
3 0
35 10
25 34
26
10 49
44 6
13 31
27 10
11 26
21 49
38 3
16 25
8 30
13 30
27 49
2 49
44 19
45 14
5 46
48 11
41 27
8 22
36 6
13 46
31 39
47 6
45 23
48 24
5 33
25 32
13
2 41
23 22
43 44
5 3
42 21
20 3
8 45
8 17
1 29
28 17
4 50
19 22
0 44
21
50 50
50 47
49 43
48 40
47 38
44 38
44 37
43 37
38 29
24 21
23 21
21 18
20 14
19 13
19 13
17 13
15 11
12 9
9 5
4 3
0 1
11
14 17
12 15
30 9
50 30
48 31
7 2
46 43
24 38
18 49
0 30
3 38
22
33 41
17 15
0 50
40 39
0 7
16 30
26 23
32 9
10 22
27 36
36 15
30 12
41 6
28 20
35 27
43 39
31 27
24 39
26 42
35 17
40 16
46 47
15
41 47
20 27
11 45
8 27
15 27
7 35
2 48
20 28
12 8
21 24
6 22
15 44
21 46
34 25
43 7
3
20 19
29 37
49 32
18
43 43
18 4
4 49
22 42
50 26
3 0
15 22
17 4
25 13
7 0
50 9
13 33
20 45
10 14
49 25
42 1
17 34
6 10
7
27 0
28 40
0 16
45 9
38 15
41 30
19 43
30
21 13
29 5
50 42
43 47
33 12
40 19
16 1
0 44
3 35
37 29
29 4
13 19
33 36
14 6
13 8
36 13
35 14
35 9
32 31
23 42
20 4
12 25
7 5
30 13
26 33
20 33
14 28
22 45
41 7
39 32
11
5 1
27 4
12 38
20 8
10 22
3 26
48 1
38 0
49 6
13 12
32 38
25
50 50
49 49
47 45
45 45
43 45
37 43
36 39
36 36
35 36
30 34
25 32
25 31
20 29
20 24
19 22
16 19
14 19
12 19
10 11
5 11
3 10
1 7
0 7
0 4
0 2
28
49 50
48 49
45 47
44 45
40 43
37 42
37 40
36 38
35 31
33 29
32 26
30 23
30 21
29 20
26 17
21 17
20 17
17 15
15 15
14 14
11 12
10 10
10 10
4 6
4 5
4 5
3 2
2 1
12
14 1
42 26
48 20
35 2
11 35
13 6
0 11
48 17
43 16
48 31
0 2
15 37
14
22 26
34 21
25 43
34 18
8 28
25 2
10 3
19 45
17 42
11 36
38 48
7 46
49 26
2 16
5
17 18
5 25
50 5
27 26
19 24
6
48 41
47 32
29 30
29 22
12 12
1 8
17
20 14
33 21
24 16
8 44
49 22
42 12
0 10
41 23
27 19
7 9
50 21
19 26
16 24
11 49
4 39
5 28
38 5
12
39 41
39 41
37 37
33 36
33 35
33 32
30 24
27 21
22 20
21 20
12 13
10 2
17
42 1
31 8
44 6
15 36
37 31
29 45
49 8
20 19
21 20
31 19
36 34
0 5
42 42
48 39
40 7
2 3
26 22
27
30 13
36 8
21 4
24 13
23 31
5 27
8 45
48 23
15 34
38 27
31 44
41 22
17 9
10 36
2 47
43 0
1 33
4 3
29 49
47 13
40 39
3 41
45 2
32 38
10 50
24 25
26 32
19
48 49
45 46
40 43
40 41
39 40
32 40
28 36
24 34
23 33
21 28
21 27
19 27
19 25
17 23
17 21
17 18
9 12
9 4
8 1
3
48 50
42 33
16 6
16
13 25
50 11
44 37
25 14
5 34
5 36
30 39
38 5
30 48
44 9
39 0
36 45
40 32
33 14
42 4
18 32
1
42 0
18
42 27
21 21
41 19
8 36
13 30
28 18
15 25
11 19
3 45
18 30
9 10
0 37
24 49
38 10
27 42
41 13
21 35
0 11
14
13 8
5 15
11 34
14 9
50 1
10 43
17 38
44 19
41 35
0 30
19 38
5 31
15 13
48 24
27
16 49
40 47
19 4
31 12
0 43
48 1
32 12
1 26
26 8
9 2
17 15
7 49
22 50
37 20
16 45
39 39
7 37
26 9
16 2
5 43
3 33
36 11
8 0
38 28
20 18
33 1
37 42
21
48 10
8 15
44 33
46 33
45 24
44 9
13 4
36 14
11 41
33 30
38 2
43 28
0 4
36 39
0 38
18 35
40 39
6 20
5 8
6 50
24 49
19
45 16
18 7
46 0
27 45
6 6
50 9
0 50
12 2
14 27
36 10
28 5
17 50
38 48
3 7
12 18
1 45
46 7
7 43
16 22
30
50 48
48 47
44 47
41 42
35 40
34 40
33 39
31 38
31 36
26 36
24 35
24 34
24 33
24 32
24 24
22 24
21 22
20 21
19 19
17 18
14 16
13 15
12 13
12 13
11 12
9 10
8 9
7 7
0 6
0 5
30
48 48
47 47
42 47
41 46
41 44
40 42
39 41
36 39
34 35
33 33
32 33
31 32
31 31
29 27
29 26
26 23
25 23
22 22
21 21
21 18
20 18
20 16
18 15
17 12
15 12
8 10
6 6
4 3
3 3
0 1
8
50 12
10 16
11 0
41 50
27 24
24 10
27 29
25 48
5
29 33
27 40
12 45
0 30
12 13
20
48 48
44 39
43 39
43 39
42 37
40 35
40 31
39 29
38 27
34 26
21 24
19 17
18 13
18 11
10 10
10 6
9 4
8 4
7 2
2 1
1
40 28
11
42 48
26 36
33 1
34 33
7 1
33 36
42 49
25 24
25 11
34 20
11 42
24
45 35
10 49
3 20
21 15
29 18
32 9
19 32
25 35
10 17
6 26
19 1
6 44
14 22
38 49
27 30
41 13
24 37
15 29
18 14
25 23
13 46
21 40
31 18
15 17
24
30 22
13 13
29 0
19 20
2 5
13 2
20 30
11 3
26 5
38 46
8 45
46 29
6 7
36 14
48 47
24 28
9 37
27 23
11 7
8 41
26 18
18 13
10 18
25 11
9
33 24
41 41
1 17
41 18
39 35
24 26
18 17
48 42
45 7
10
27 5
17 17
49 32
3 34
30 30
27 38
22 13
25 22
13 22
11 40
7
48 49
39 44
35 32
21 20
12 13
6 5
1 4
14
0 45
16 2
29 44
26 13
22 41
44 43
37 39
22 31
15 31
5 23
45 11
15 43
4 29
17 10
20
7 13
23 27
38 28
14 15
38 14
28 16
49 33
43 6
0 42
16 28
22 8
34 44
33 20
44 25
7 47
24 29
17 20
20 16
24 2
32 6
15
4 30
34 45
32 35
22 27
0 17
5 4
36 26
22 5
47 37
10 1
10 14
25 31
18 50
26 32
19 23
16
10 44
32 29
31 12
10 9
27 17
8 30
20 43
20 3
37 21
8 41
48 20
18 49
48 46
25 32
49 2
29 43
1
17 9
5
9 20
42 36
45 3
23 18
50 38
4
31 38
40 18
4 21
12 23
21
22 13
32 48
1 17
49 41
38 36
19 1
35 6
35 50
9 18
50 13
15 35
48 33
26 1
49 23
11 44
36 42
35 19
7 13
4 23
38 5
37 22
4
23 26
23 48
17 5
48 45
23
27 22
22 25
43 39
48 5
34 23
34 19
12 2
50 16
16 3
9 29
38 37
40 46
35 47
1 24
33 43
40 23
49 19
34 46
25 31
47 49
5 20
25 39
12 14
21
50 15
46 49
35 42
44 49
0 26
26 49
49 29
22 34
27 8
32 21
50 48
12 27
24 43
26 8
2 49
23 41
39 5
34 50
14 5
11 47
44 15
10
47 48
34 43
29 43
26 40
19 38
15 23
13 18
6 15
4 14
2 0
5
30 44
8 36
42 50
28 5
46 17
2
11 23
34 17
8
4 26
31 16
13 11
5 13
39 35
23 17
45 13
34 33
11
50 41
50 41
48 39
34 27
33 23
27 22
27 16
18 7
17 3
4 3
3 1
11
25 35
33 2
3 37
8 41
3 36
33 11
6 16
26 9
8 5
25 17
24 40
15
26 13
39 21
1 50
24 44
12 41
44 45
39 30
10 2
23 44
31 14
38 48
13 26
37 44
45 34
36 16
2
46 30
50 2
5
50 27
45 17
34 16
14 0
10 0
29
28 14
27 6
25 40
12 2
35 34
32 19
1 7
16 45
50 20
19 10
47 49
32 42
2 13
6 16
12 32
27 9
19 6
38 2
30 42
26 6
11 5
37 42
47 2
12 12
45 36
34 14
45 24
37 15
32 22
23
46 50
45 48
38 48
38 47
37 46
35 45
33 42
31 42
31 41
30 39
26 34
25 31
23 30
22 26
21 26
18 26
17 23
12 17
8 9
8 9
7 4
3 1
1 0
7
42 32
33 7
6 9
30 20
13 18
15 43
29 18
30
39 50
13 16
31 41
25 30
43 36
25 26
6 24
49 39
20 15
4 35
39 2
44 49
10 22
3 11
2 25
14 31
5 18
28 19
30 37
33 45
38 18
48 39
43 4
33 27
48 38
20 8
37 10
7 30
49 4
40 11
8
37 40
29 11
3 41
46 18
18 47
11 32
17 20
46 16
16
22 29
40 22
40 29
2 9
2 41
10 36
27 0
5 9
34 26
37 8
43 15
14 13
41 29
29 9
48 50
5 18
5
15 17
2 36
40 1
46 37
30 30
5
48 49
45 41
21 35
15 32
3 4
13
44 16
31 44
25 4
50 18
34 28
47 18
48 46
41 8
36 22
4 13
16 5
4 23
2 33
16
49 38
21 9
48 40
13 0
9 17
19 22
5 10
4 49
9 4
38 7
0 18
30 7
19 46
50 1
6 49
41 49
6
33 27
6 28
9 37
11 26
50 28
34 17
7
45 49
33 47
28 46
8 28
4 24
2 12
0 8
24
43 50
42 49
37 45
37 45
34 44
24 41
23 41
22 37
20 34
20 29
18 28
17 26
16 25
16 25
15 25
14 23
12 21
10 15
10 12
8 9
7 5
6 3
2 2
1 0
21
49 4
11 12
6 41
49 49
28 25
13 12
8 33
27 19
23 1
31 22
35 38
23 39
18 23
44 32
22 39
36 44
43 40
31 41
14 5
15 12
39 4
25
45 47
44 47
42 47
35 46
34 44
33 42
30 41
30 39
26 37
25 32
24 31
22 30
21 25
19 24
17 23
16 23
14 20
14 20
14 18
13 14
5 13
5 11
5 9
1 6
0 4
1
34 44
23
33 8
17 30
16 30
1 7
14 37
23 40
23 48
0 26
17 43
11 28
17 35
7 16
11 36
0 28
45 50
10 45
25 8
43 1
49 39
2 2
3 21
27 15
16 9
17
20 47
41 22
29 4
24 29
31 28
40 7
13 31
13 11
1 0
14 2
31 33
45 34
43 36
9 38
7 17
37 21
1 21
25
18 42
1 16
13 39
21 4
14 33
34 23
28 0
42 36
49 48
28 6
0 11
19 42
0 5
8 24
23 36
28 12
31 27
30 44
41 44
33 21
21 7
36 8
34 14
49 48
40 28
24
50 50
47 45
47 45
46 41
46 39
46 38
43 37
41 37
39 36
38 29
36 28
29 23
28 15
23 14
16 10
14 8
11 8
9 8
8 8
7 6
5 5
4 4
4 4
2 1
11
45 42
45 41
41 38
32 37
31 27
29 24
29 20
26 12
18 7
18 3
14 2
23
50 49
46 47
42 47
40 47
38 45
38 45
37 43
36 40
36 38
34 37
34 35
27 33
25 29
23 18
20 17
16 15
14 15
13 12
9 12
7 7
7 6
6 4
4 4
26
34 1
25 1
1 34
50 11
6 30
2 22
5 18
24 31
28 44
35 9
47 35
39 45
45 7
0 5
17 49
19 12
42 17
41 32
39 9
28 28
43 13
4 16
47 6
47 41
39 5
18 9
13
47 46
46 43
45 41
44 40
35 36
25 36
17 29
16 23
11 10
7 7
4 4
2 4
0 1
17
4 19
11 15
19 13
13 10
29 24
42 37
39 23
48 6
42 50
14 2
14 34
22 12
44 43
41 6
35 20
28 45
1 44
28
50 49
48 47
45 46
45 45
45 43
44 42
40 42
39 41
36 41
36 30
36 26
35 26
30 25
29 23
27 17
26 16
23 16
23 15
23 14
23 14
18 13
16 11
14 11
12 7
11 6
5 3
3 2
1 1
14
49 50
37 50
37 45
31 40
23 39
21 39
15 31
12 25
6 21
5 9
3 6
1 3
1 1
0 0
12
20 9
40 7
39 49
2 40
46 16
45 18
4 35
31 7
36 5
16 10
38 31
35 36
7
48 35
41 33
36 29
35 22
31 13
29 11
28 0
17
17 43
49 20
48 46
5 49
12 11
18 4
48 9
46 19
5 24
21 43
37 22
45 26
15 0
2 8
19 0
10 22
28 5
11
46 50
38 49
35 47
27 44
26 41
20 31
16 27
14 24
11 20
9 12
6 11
6
19 7
22 22
33 2
28 18
16 23
25 36
1
42 22
16
17 2
26 4
7 14
3 44
11 50
19 2
0 13
30 40
42 4
3 4
32 44
28 10
28 1
7 46
35 21
10 13
3
50 45
45 28
25 17
12
50 49
48 47
43 39
37 34
34 34
29 33
23 17
21 11
12 9
11 6
3 5
0 0
19
10 1
9 37
31 16
34 2
11 36
3 15
30 19
20 25
7 7
24 43
37 9
24 45
37 4
12 16
34 35
13 15
24 31
12 7
48 1
30
50 49
49 47
48 46
47 44
46 44
46 41
38 36
38 36
37 35
37 32
37 31
35 31
32 29
31 29
27 27
26 27
24 22
20 22
18 22
14 19
13 19
11 16
7 15
7 14
6 14
5 10
3 7
2 6
1 5
0 0
6
48 50
46 35
41 34
37 31
7 7
0 2
12
24 1
43 10
43 1
41 4
17 28
47 46
5 21
12 42
20 46
46 46
7 12
21 35
9
50 47
48 45
46 36
44 33
39 32
12 28
8 25
2 15
1 2
3
44 45
35 17
32 15
10
9 31
24 13
42 19
4 8
29 6
17 46
8 32
5 46
42 29
29 45
27
50 49
49 47
49 47
49 46
45 41
45 38
40 36
39 33
39 30
38 27
34 26
32 24
29 23
26 22
25 20
24 18
19 17
15 16
14 16
11 15
9 15
9 15
8 9
4 6
4 5
2 1
1 0
18
41 46
43 3
15 10
7 32
7 37
20 28
43 11
21 39
27 11
22 33
44 2
34 33
13 4
17 11
3 37
49 3
23 32
47 9
9
4 29
12 3
27 44
47 5
2 40
0 4
28 44
38 44
12 43
19
48 11
20 8
37 49
13 29
49 20
24 30
23 16
12 30
12 14
40 18
21 13
14 47
12 33
36 49
8 37
50 25
5 16
16 17
5 37
29
50 50
50 50
49 49
49 47
49 45
47 45
39 45
35 40
31 38
31 37
30 37
27 35
26 33
25 32
24 30
22 30
18 29
15 26
15 23
11 21
11 19
9 19
4 13
3 12
3 10
2 9
2 9
0 9
0 7
13
2 8
50 24
23 23
36 16
29 36
35 44
20 23
25 44
47 26
32 42
42 45
2 22
39 47
30
45 18
37 0
5 12
25 6
12 24
21 47
14 0
28 21
17 22
50 3
1 21
49 46
22 50
32 14
15 1
9 14
16 10
35 42
45 7
33 34
9 23
33 14
1 4
24 29
4 10
25 31
17 40
13 44
42 45
48 46
27
3 37
30 45
13 32
14 31
49 3
42 45
12 9
40 36
38 49
49 6
21 5
45 44
21 39
39 8
14 7
41 41
13 46
28 37
17 23
19 19
30 26
37 14
41 18
0 14
4 40
10 44
30 22
30
49 47
48 45
47 44
46 43
44 42
44 41
43 39
37 39
33 36
32 28
31 26
30 24
30 23
27 23
26 22
26 21
24 21
21 18
21 17
19 16
18 13
16 13
16 11
10 9
9 8
6 8
3 7
2 3
1 3
0 0
27
27 38
34 45
20 21
4 34
45 29
33 49
4 36
29 34
7 34
28 13
2 2
10 30
13 32
21 48
21 10
34 7
49 33
33 48
40 18
3 39
13 36
13 18
2 25
27 8
38 26
22 7
44 5
24
46 41
45 40
41 39
40 36
39 33
39 33
37 33
35 29
34 27
33 23
31 22
30 21
28 21
26 19
25 19
24 17
24 14
18 13
12 13
10 13
7 8
7 4
6 3
0 3
1
7 26
23
19 24
46 5
17 17
17 44
29 33
32 1
40 41
26 5
40 41
2 5
17 42
26 3
49 32
49 49
37 27
39 45
10 34
26 27
30 40
15 44
2 37
10 20
25 50
24
33 6
20 6
4 20
37 28
44 44
45 28
44 7
25 39
20 47
9 21
49 47
41 8
7 48
34 32
22 44
17 32
16 19
31 34
16 45
29 10
33 33
36 15
15 7
50 46
24
49 49
46 49
45 46
42 43
42 42
40 34
40 28
39 27
37 25
37 25
36 24
34 21
29 21
27 19
23 17
22 16
19 15
18 12
18 12
17 9
14 9
12 6
11 6
7 2
22
39 4
29 41
3 37
36 10
45 17
25 38
22 45
48 12
34 43
18 5
43 43
40 25
18 35
49 45
42 31
14 36
40 33
33 9
22 23
40 12
10 41
18 2
5
25 41
24 32
22 23
18 18
13 5
4
47 36
21 21
12 23
32 1
17
7 45
45 1
14 32
8 39
46 13
50 39
48 50
9 26
23 33
46 44
47 0
31 29
31 47
20 40
29 2
50 3
50 49
26
19 35
45 34
31 18
48 11
29 1
37 31
47 23
5 38
48 15
47 24
4 25
0 34
43 12
34 47
27 31
34 10
31 23
37 28
34 2
19 32
46 43
18 45
33 15
45 4
41 2
3 21
30
18 49
28 11
49 50
6 39
14 27
43 31
20 4
46 29
6 35
18 25
24 40
15 4
22 9
16 39
30 18
38 20
50 37
48 36
9 13
16 22
41 18
35 31
41 29
1 24
0 34
32 45
3 42
13 14
33 32
34 25
2
37 6
10 13
15
48 12
13 26
0 35
42 34
13 27
20 4
7 49
40 43
22 8
11 47
19 31
47 50
39 43
29 24
8 24
23
35 9
25 39
20 49
1 43
13 50
44 37
33 45
19 19
36 23
33 50
28 5
36 16
31 44
5 46
0 14
27 31
11 2
23 10
30 30
9 25
16 29
17 5
33 12
22
48 50
45 50
44 49
41 48
39 46
34 45
32 44
30 37
29 37
28 33
26 32
25 30
22 30
21 27
17 25
15 25
11 24
10 22
8 16
3 16
2 12
1 8
12
12 32
35 13
12 19
41 25
48 31
17 27
19 16
47 3
43 28
21 47
40 4
41 18
19
44 47
38 45
31 43
29 38
29 36
29 33
25 31
23 30
21 30
20 29
17 28
12 23
9 18
6 18
4 9
3 9
2 9
1 7
1 0
26
12 1
1 49
10 50
48 35
43 37
47 13
18 44
50 26
1 23
12 24
20 10
47 4
8 1
27 31
48 0
49 21
17 49
50 35
33 21
50 5
19 39
20 31
20 1
50 36
24 19
24 0
7
39 49
29 38
22 22
21 14
20 5
18 4
9 1
13
48 50
42 46
40 41
38 33
31 25
26 23
23 22
15 16
13 16
13 14
9 7
6 1
0 0
13
47 18
23 45
47 33
14 9
42 12
30 25
6 9
12 47
18 8
5 40
23 22
5 31
44 19
25
24 16
5 5
23 4
19 0
47 7
11 13
29 35
22 5
33 26
40 19
3 28
43 3
23 42
6 32
18 6
18 28
36 38
2 26
13 31
12 37
26 14
23 39
17 10
10 47
17 17
19
49 49
43 46
42 45
42 45
41 40
31 39
30 38
28 34
26 34
23 34
21 33
20 30
18 30
15 27
9 23
8 22
4 16
1 9
0 9
14
48 41
23 8
15 7
49 38
12 27
37 43
17 19
20 5
1 32
15 47
23 0
0 16
23 12
24 49
17
33 33
27 45
25 46
30 50
14 37
24 36
42 42
29 3
0 25
11 47
46 25
30 23
22 42
2 8
32 23
21 9
8 21
19
39 37
7 46
26 13
28 50
47 22
5 7
29 49
22 42
35 14
19 35
12 40
30 10
0 20
43 35
24 45
40 28
10 21
0 5
20 42
13
45 49
34 49
27 39
26 38
23 36
18 26
16 23
11 23
11 22
8 20
6 15
4 4
3 0
14
3 1
34 41
3 28
31 27
14 7
40 28
4 7
18 6
37 17
42 18
41 33
43 22
35 35
31 38
13
3 29
14 42
9 25
1 17
25 22
24 37
21 0
12 44
22 30
2 15
6 32
26 38
0 32
5
5 15
9 13
27 8
41 16
0 49
24
50 49
50 48
46 47
45 46
45 41
45 36
44 32
43 31
37 30
36 27
35 27
34 27
27 24
19 24
19 19
18 19
16 16
14 15
9 15
9 11
9 8
8 6
0 1
0 1
13
50 38
43 38
32 34
30 31
28 28
21 24
21 22
18 16
13 14
12 9
12 7
7 7
1 4
6
47 36
27 33
1 17
32 41
33 28
10 34
1
40 6
6
49 33
46 24
41 18
38 10
30 9
29 8
8
25 27
6 18
16 35
5 40
46 0
10 9
15 26
33 3
5
27 46
26 3
21 31
29 7
41 44
27
41 28
40 3
46 9
1 29
36 32
7 44
6 36
10 22
5 3
44 47
40 9
18 27
37 36
34 20
28 39
2 33
18 49
9 4
20 49
19 5
45 4
26 7
24 28
31 43
40 8
11 3
48 24
30
34 48
50 1
22 43
0 50
45 42
22 46
28 44
46 10
11 43
47 48
47 25
49 22
0 38
6 5
8 0
14 0
38 48
26 15
17 46
20 15
11 0
45 17
28 13
39 48
34 10
19 6
16 5
27 17
50 49
30 13
6
3 26
41 16
19 37
19 21
0 3
21 38
8
49 50
41 48
37 44
35 39
32 36
31 21
2 19
1 3
13
18 5
13 27
48 34
28 0
26 29
6 15
30 34
12 14
0 47
0 14
38 49
10 41
2 3
27
13 36
18 12
31 12
23 13
39 15
40 45
14 4
19 46
19 27
36 10
49 26
36 27
9 16
26 6
35 48
39 39
9 28
25 20
13 41
45 48
37 34
38 42
23 31
40 37
0 45
36 16
30 11
7
11 26
31 28
46 21
36 30
16 37
31 24
0 2
3
47 49
39 28
25 8
17
3 37
0 31
17 27
13 34
13 28
45 7
1 40
29 41
31 6
16 39
31 8
0 19
33 13
0 41
35 7
43 5
30 10
30
25 5
9 24
50 24
25 6
37 23
18 23
4 43
39 13
45 16
18 29
46 23
27 18
10 28
40 6
34 30
30 46
39 24
0 12
32 39
45 45
45 42
29 10
29 24
8 24
19 16
31 2
0 49
44 44
29 32
33 35
24
47 46
43 42
36 42
34 41
34 41
33 36
32 34
31 34
27 32
23 26
23 24
22 22
22 20
17 18
13 11
9 10
9 8
6 7
6 7
5 4
5 4
4 1
3 1
2 0
4
40 46
28 41
21 8
10 0
14
46 1
15 29
40 48
18 27
6 32
43 29
46 20
38 32
26 47
45 38
16 24
50 4
17 44
28 34
20
5 10
15 7
0 37
0 33
34 10
16 23
34 25
44 13
49 15
11 12
9 17
34 46
9 43
12 39
6 13
46 16
33 12
34 40
12 24
27 36
27
37 26
44 35
15 49
21 19
30 49
22 29
50 18
20 22
23 40
33 1
20 4
37 25
8 49
21 18
31 23
6 13
14 9
37 9
47 25
3 9
31 27
6 24
0 32
34 27
8 50
20 15
5 6
21
32 39
50 30
18 35
25 24
10 7
35 34
40 35
24 2
9 50
42 33
37 19
35 42
18 27
21 10
29 30
36 13
28 21
5 16
25 40
46 12
29 4
20
2 49
38 20
39 47
22 10
19 6
22 20
32 13
27 36
44 2
49 25
33 42
46 36
36 46
10 0
1 3
20 43
20 17
46 2
18 2
5 6
18
35 10
49 47
26 20
48 50
28 37
41 40
39 31
4 4
33 41
13 16
38 45
6 3
7 39
20 29
4 32
9 7
4 11
4 28
25
50 50
50 49
48 48
48 48
46 47
41 45
39 43
37 40
36 40
30 35
27 34
24 33
17 33
17 31
15 29
15 26
13 24
12 17
8 14
8 11
3 9
2 7
0 6
0 3
0 3
22
46 49
43 46
42 43
39 41
36 41
36 40
35 34
32 27
31 25
31 22
30 21
28 20
27 20
23 17
22 11
19 10
19 8
17 6
10 4
9 2
8 2
1 0
25
15 36
4 43
29 13
7 8
47 29
48 48
4 44
37 33
48 44
41 39
46 32
20 5
49 39
25 47
45 20
14 6
23 28
30 39
25 24
24 41
38 45
16 7
17 28
3 23
42 17
4
40 38
47 38
11 33
42 44
13
15 45
21 28
8 32
6 0
26 4
34 2
31 34
20 7
10 47
36 25
2 10
43 28
38 0
22
42 15
5 11
38 22
35 31
23 8
29 1
7 44
41 49
6 48
48 30
44 50
14 12
38 25
17 23
30 20
13 24
42 10
3 6
29 1
25 5
30 46
11 36
29
12 30
20 37
14 11
11 16
10 6
29 40
20 45
10 25
39 30
14 17
7 41
18 28
13 10
31 50
26 25
14 20
48 37
32 34
42 1
41 48
34 27
35 45
43 16
4 13
21 11
44 40
35 30
7 50
0 3
16
37 48
23 22
27 4
40 41
13 27
40 12
6 25
20 14
34 2
17 6
6 46
15 45
9 7
37 14
8 3
20 9
15
48 50
36 47
35 46
35 42
33 40
32 36
31 33
29 30
29 30
27 27
25 16
24 16
23 12
18 6
15 5
1
13 47
7
41 1
40 15
20 32
33 34
27 41
2 4
39 45
21
48 50
45 50
42 49
41 45
41 45
33 43
32 42
23 42
22 38
22 30
21 28
19 25
18 23
17 22
16 22
13 18
12 14
11 14
8 12
5 7
4 3
8
31 35
2 50
8 42
7 30
47 12
35 16
0 49
40 3
9
45 49
40 48
32 44
29 36
28 32
27 21
11 14
5 9
0 1
4
47 32
21 17
18 14
10 7
13
39 49
31 48
30 40
28 40
27 39
26 35
22 33
17 26
17 24
11 21
9 10
8 7
1 2
27
21 40
38 48
17 6
37 15
33 4
50 20
43 0
20 26
35 19
23 10
5 16
15 25
39 13
5 21
21 30
45 29
33 18
6 24
19 27
37 28
25 42
21 21
3 24
45 11
23 40
1 17
7 48
25
50 50
47 47
41 47
40 46
38 45
36 43
36 39
33 39
32 38
31 38
30 38
30 36
28 25
27 22
22 22
21 21
20 21
20 20
17 18
11 16
11 15
9 7
6 7
1 4
0 4
7
46 39
22 36
26 14
39 27
49 12
23 12
44 16
15
33 27
5 43
24 32
45 0
28 31
24 35
46 43
49 5
5 8
19 35
11 35
6 14
42 26
19 25
45 42
29
33 24
1 27
47 10
18 19
4 40
31 41
37 7
11 19
9 32
3 40
38 23
49 50
24 27
39 40
40 24
29 46
28 45
39 44
44 1
2 29
5 43
36 28
16 39
26 40
12 14
18 6
14 37
16 44
5 15
21
2 28
26 7
36 6
22 23
38 7
3 26
24 35
41 48
17 36
15 24
20 20
1 46
39 1
44 3
1 48
18 6
21 10
1 36
6 20
32 12
25 19
27
49 48
44 45
43 43
43 41
39 40
38 35
37 32
35 31
35 31
33 29
32 28
30 28
30 26
28 24
27 22
27 22
26 20
16 17
16 12
13 12
9 11
7 10
6 9
4 8
4 6
2 3
0 0
25
36 1
13 35
40 31
12 36
20 45
35 4
18 41
40 29
3 42
44 7
35 2
47 18
41 6
5 40
35 40
27 38
43 10
3 25
6 43
1 3
2 47
24 45
40 43
16 30
10 40
11
49 50
47 47
45 46
36 36
35 29
30 28
28 25
24 24
23 24
22 22
0 9
27
25 33
7 26
46 28
11 6
17 9
48 11
29 20
33 18
16 31
5 20
21 27
43 9
6 27
41 21
0 10
32 45
39 32
9 40
47 2
29 26
30 20
17 49
34 41
41 31
16 25
17 33
40 0
11
8 31
32 24
41 47
44 16
18 29
32 36
45 25
41 2
32 11
16 2
4 20
15
38 39
42 12
25 11
16 41
5 29
21 14
9 17
42 19
48 42
10 8
12 47
45 13
9 34
12 25
0 22
11
50 37
45 29
43 29
32 25
31 19
29 19
26 16
17 6
14 6
13 4
3 2
1
42 45
6
21 18
16 42
3 38
8 14
48 49
5 27
5
33 14
37 2
29 21
30 25
16 12
12
49 42
49 32
47 30
45 29
37 25
28 24
23 23
22 19
8 14
7 8
6 7
0 5
4
0 25
28 31
46 42
39 46
18
10 32
18 7
49 22
21 7
20 9
43 25
22 26
43 19
37 21
1 10
44 20
45 4
20 8
43 44
44 27
30 22
21 1
10 15
3
39 27
14 37
36 47
23
47 47
47 45
45 44
43 44
42 44
41 43
40 42
38 39
33 36
32 34
21 34
19 27
19 24
18 18
18 16
18 15
15 14
14 14
13 11
12 9
5 8
5 7
2 3
5
28 7
45 16
2 33
46 43
35 26
2
20 28
2 2
8
32 50
49 20
31 1
5 30
50 11
4 30
32 17
19 30
9
39 3
32 34
43 47
20 16
44 14
22 29
3 19
47 4
19 22
30
37 12
7 40
7 13
30 46
39 22
20 41
37 41
21 18
47 5
50 49
16 20
21 36
22 5
34 11
32 30
7 35
2 35
42 45
11 50
12 39
34 11
30 24
11 27
26 4
33 31
13 33
31 28
26 41
11 9
8 12
30
42 7
27 35
31 31
35 6
7 46
12 7
42 9
27 16
6 0
37 28
17 26
10 31
20 21
26 48
37 15
18 34
29 14
20 31
31 9
19 33
3 36
25 29
20 20
50 50
22 39
30 38
44 37
9 33
18 35
50 37
1
24 42
5
7 9
47 46
38 22
7 15
4 35
28
45 50
45 49
45 47
45 47
38 45
38 42
37 40
34 39
32 39
30 38
29 38
27 38
27 37
23 34
19 32
18 26
18 25
17 23
15 21
14 20
13 15
9 14
8 7
7 6
6 5
4 4
3 3
2 2
9
50 49
46 41
40 40
39 39
35 36
34 23
31 23
21 14
0 8
20
21 49
6 19
17 19
45 48
49 17
39 46
4 35
31 21
37 1
14 9
44 27
7 29
43 47
39 47
50 26
36 36
25 11
25 36
48 24
48 4
9
27 20
49 2
12 39
30 7
36 30
34 17
5 24
2 46
20 39
7
23 8
24 38
46 4
36 14
17 12
26 48
11 29
15
44 45
42 41
42 37
39 35
39 31
38 28
36 24
27 24
24 22
21 21
16 13
13 13
10 11
9 9
0 3
28
15 33
16 42
19 2
7 39
5 15
0 6
8 10
11 7
12 17
4 27
14 32
20 48
2 28
37 10
34 23
40 20
16 8
9 10
5 15
3 47
45 2
31 49
23 10
35 45
46 0
13 16
49 13
23 42
17
44 24
25 48
13 46
29 33
15 33
23 9
14 5
14 21
20 46
20 10
44 19
33 4
31 35
28 41
27 46
10 21
50 13
30
47 50
46 49
45 48
44 46
40 45
40 43
35 42
35 41
33 40
32 40
31 34
28 32
28 32
28 31
25 26
23 23
22 21
20 15
17 14
15 14
14 13
13 11
12 11
12 8
12 8
12 7
2 7
2 3
1 2
0 1
13
15 24
45 33
25 21
40 39
3 30
44 3
10 35
3 50
43 27
22 43
27 46
17 39
5 50
1
25 49
21
6 17
20 21
49 13
19 47
48 48
50 49
50 17
26 45
19 29
20 8
46 4
45 6
49 9
46 17
38 7
22 27
22 17
20 46
26 43
22 43
50 21
14
47 17
35 22
21 20
1 14
6 44
3 9
38 24
35 26
5 36
32 45
32 11
38 13
29 13
44 37
3
34 30
46 49
46 0
18
24 46
2 41
3 37
42 33
40 43
28 24
0 19
31 42
1 41
5 48
42 41
16 17
10 23
17 4
46 18
19 20
30 14
8 25
29
34 40
49 19
35 5
42 33
16 35
19 3
38 8
22 27
25 1
22 14
42 41
32 45
15 17
14 31
10 24
45 26
4 28
27 10
1 4
29 40
10 16
8 5
16 25
47 35
4 5
11 1
25 4
36 1
8 24
20
46 23
0 33
4 44
11 35
40 34
31 5
47 7
9 5
36 44
29 20
11 33
33 14
34 2
34 20
41 15
32 8
29 37
48 0
17 28
24 35
4
25 7
21 46
12 15
50 34
11
14 44
7 16
37 36
39 14
36 44
38 14
12 7
36 4
36 32
12 42
46 34
25
41 2
0 47
10 41
32 14
50 2
22 49
35 40
12 18
49 12
14 7
32 23
30 25
27 43
35 49
13 22
10 46
2 48
8 38
37 48
18 9
39 17
48 36
6 10
30 41
7 48
10
8 14
26 35
19 0
9 29
35 40
15 38
29 26
20 15
16 31
30 2
6
45 38
40 35
16 25
15 20
7 17
5 13
30
34 50
34 49
33 45
33 45
31 45
28 44
28 38
27 37
27 35
23 35
23 34
22 33
20 33
17 30
16 28
12 25
10 24
9 20
9 19
8 17
7 14
6 12
6 12
6 12
5 8
5 7
5 6
4 5
3 5
1 5
8
50 11
28 36
40 0
22 34
4 44
41 0
13 13
2 2
19
35 28
0 10
48 36
18 13
2 46
47 15
7 20
1 17
0 22
34 40
34 31
11 45
31 40
0 23
45 4
8 18
26 48
12 14
28 30
23
16 39
9 0
32 25
48 29
17 26
8 31
41 47
12 39
50 46
6 35
2 12
8 19
0 20
30 4
1 0
49 46
32 16
19 44
9 38
27 33
35 10
11 44
40 32
21
48 46
47 44
43 42
41 41
41 39
41 39
40 38
36 35
35 29
34 29
30 29
29 23
28 23
21 19
13 18
12 16
11 15
7 9
4 9
2 4
1 0
3
35 32
34 27
8 10
29
44 3
45 29
49 3
23 15
31 33
18 40
3 40
15 43
35 32
40 19
17 27
18 9
38 12
12 26
9 42
5 27
23 43
16 16
13 8
37 32
40 28
29 13
19 2
6 37
38 7
31 30
13 29
19 48
46 13
23
49 50
46 48
45 47
44 46
42 46
40 44
32 42
31 38
31 33
29 31
29 30
27 28
27 26
26 23
22 20
21 17
21 14
20 8
18 6
16 5
12 3
7 2
0 0
17
20 32
23 2
3 6
31 4
39 36
26 42
18 22
46 47
17 47
30 19
40 12
0 42
17 24
49 43
23 12
17 4
7 23
3
17 49
10 26
44 40
7
30 46
1 14
45 9
45 22
10 23
43 4
48 34
17
22 2
50 7
24 12
16 43
3 13
15 16
37 41
26 26
19 49
22 3
2 42
45 2
13 16
49 26
50 9
17 31
25 31
2
35 14
47 17
24
25 10
20 50
9 20
8 47
13 50
27 2
25 16
37 36
42 21
44 42
23 45
23 17
5 16
11 12
31 0
49 17
1 5
16 20
35 15
28 21
7 30
22 22
48 48
7 5
21
11 47
9 26
47 21
7 20
10 45
6 38
7 45
44 16
1 22
0 19
36 42
36 23
43 31
12 17
45 2
16 36
30 35
20 2
5 40
10 13
18 4
19
50 45
49 44
48 41
46 38
43 38
41 30
40 29
32 21
32 21
30 18
22 15
21 9
19 8
11 8
10 8
7 6
6 4
2 4
0 3
12
45 48
43 47
43 47
39 46
38 43
32 40
28 38
25 37
22 34
15 31
14 23
14 20
12
35 13
36 1
2 41
32 3
23 49
15 0
12 14
3 38
47 39
26 46
37 41
35 38
6
45 31
49 37
38 37
45 24
32 17
45 8
1
14 26
11
11 18
2 43
30 49
19 36
49 22
22 4
9 6
6 26
23 30
15 4
11 38
30
32 6
40 19
47 49
4 7
9 34
49 18
20 42
26 41
14 37
10 33
43 9
29 35
48 26
12 38
35 39
13 3
49 12
6 30
4 50
24 9
37 7
30 46
9 22
33 38
17 48
28 13
46 41
47 44
31 33
1 14
8
50 49
50 44
49 31
45 31
32 29
12 28
7 5
1 2
29
33 29
13 31
29 28
4 33
17 46
7 16
10 35
9 32
0 26
26 7
41 6
24 26
27 25
30 41
29 41
12 20
2 25
0 27
32 17
21 3
47 26
49 46
41 6
12 5
15 4
27 19
41 21
41 23
20 46
18
14 43
37 43
19 32
14 50
11 31
12 48
39 2
35 23
35 11
40 31
14 21
1 6
11 11
49 47
37 35
20 18
29 7
7 23
13
49 48
48 47
42 36
37 26
36 23
35 17
34 15
31 13
31 8
30 3
29 2
7 2
6 1
28
4 13
17 15
17 14
3 22
15 31
10 28
5 34
2 36
21 1
8 33
36 36
19 50
43 20
1 44
22 13
29 6
25 18
12 9
11 28
11 25
13 25
22 39
38 14
28 29
21 45
23 33
42 38
45 44
1
42 30
23
48 48
44 45
44 44
40 40
37 38
36 37
33 35
33 34
33 33
31 32
29 30
25 29
25 27
24 23
22 22
13 21
13 14
6 13
6 11
5 9
3 7
1 1
0 0
21
4 42
47 45
50 11
40 32
37 33
15 30
44 21
39 2
47 27
24 24
2 49
0 42
13 37
11 4
49 7
19 4
25 23
50 35
13 2
24 30
48 28
1
4 0
29
50 50
50 49
50 45
42 42
35 42
35 42
32 42
29 40
28 38
28 34
26 29
25 25
24 22
22 21
22 20
13 17
12 15
10 12
8 12
7 11
6 10
6 9
6 9
6 7
5 7
3 7
3 2
2 1
2 1
3
31 7
42 42
37 46
14
3 13
26 13
27 31
32 41
13 17
27 37
40 42
38 18
9 39
36 16
8 12
31 15
21 28
21 17
2
40 12
10 23
29
40 7
41 28
21 44
23 50
11 22
23 4
36 10
18 9
14 13
26 50
30 21
18 4
1 47
11 27
50 23
30 41
29 41
28 48
40 16
11 13
42 41
48 2
30 12
12 30
38 37
9 3
30 2
44 8
10 11
15
18 46
16 23
27 24
26 39
48 10
3 38
49 7
1 12
32 44
14 39
39 19
46 23
22 45
35 48
5 7
28
49 50
48 49
48 47
46 46
46 42
46 41
42 40
40 40
40 40
39 39
38 38
35 38
33 34
32 34
30 33
27 31
26 26
19 25
18 23
18 20
16 19
9 16
5 14
2 13
1 12
1 4
1 2
0 0
9
32 48
46 43
9 40
15 25
38 19
45 10
7 0
2 2
3 25
25
49 50
46 48
44 47
36 46
36 44
35 44
33 44
31 38
30 35
29 27
27 27
27 24
24 24
22 24
20 23
19 23
16 22
6 20
6 19
4 15
3 14
1 8
0 6
0 5
0 2
1
38 41
28
42 12
44 27
23 2
26 20
6 3
18 15
23 20
47 11
43 25
49 32
24 0
1 36
26 27
38 13
39 22
37 19
12 38
24 19
9 10
25 34
35 41
47 25
35 35
30 43
30 32
18 46
14 33
10 5
11
45 28
26 46
1 14
20 15
12 14
20 0
6 44
42 21
24 1
0 14
16 47
14
24 6
16 5
20 3
35 41
14 21
30 36
29 7
48 31
41 50
39 31
13 17
35 6
38 27
44 7
12
1 41
34 0
49 35
2 50
1 17
27 11
14 50
20 36
1 48
25 40
18 42
41 29
2
25 50
3 46
20
50 48
48 48
46 40
44 34
43 34
42 34
41 30
40 30
36 30
34 28
33 21
26 20
25 20
23 19
21 16
20 16
19 13
7 11
0 8
0 2
27
33 11
10 3
38 1
40 28
18 5
11 31
42 2
50 50
48 23
22 9
33 0
25 22
25 27
12 49
47 36
19 12
16 3
40 14
7 46
33 29
46 17
31 37
41 17
46 42
14 31
29 5
18 28
17
2 37
16 28
28 2
27 33
13 43
7 26
17 4
38 5
34 30
25 18
39 30
32 4
39 1
38 35
16 42
18 50
46 19
13
25 9
39 12
19 18
15 32
42 27
16 23
31 37
27 29
6 45
41 14
7 27
29 3
49 0
1
2 35
25
46 26
35 12
34 41
39 41
50 8
9 50
48 42
41 17
12 4
46 24
24 24
21 18
19 25
48 28
37 25
30 31
20 47
45 39
37 26
48 17
45 45
48 39
17 31
47 45
33 32
16
31 1
41 34
46 20
49 7
1 46
41 24
44 5
20 41
43 9
4 2
27 24
15 47
45 29
30 4
43 42
50 39
19
16 38
25 1
2 41
44 4
50 27
23 39
50 36
3 10
21 23
36 48
1 31
0 43
24 10
24 28
17 44
25 48
14 34
32 3
3 33
23
47 48
46 47
45 46
44 43
39 40
38 35
37 31
36 26
36 25
33 24
27 23
20 23
16 19
14 17
11 16
10 15
9 13
9 11
9 11
4 10
2 3
1 0
0 0
25
2 49
26 13
13 50
17 17
27 11
13 5
38 39
48 23
14 29
40 26
33 38
12 14
25 45
10 27
25 47
44 46
31 19
49 40
21 8
15 8
8 50
40 41
26 36
3 41
22 29
21
48 49
46 49
42 46
38 43
35 40
35 36
34 35
30 34
26 34
22 31
22 29
22 29
21 22
16 21
16 18
16 18
15 17
14 4
14 4
12 1
1 1
6
19 46
40 32
1 14
37 33
15 36
26 15
25
45 4
21 15
41 26
16 21
35 17
19 2
5 36
15 3
28 39
15 29
18 17
3 10
15 42
27 3
40 27
40 5
15 34
33 34
12 41
32 24
5 34
38 17
30 23
4 24
33 18
29
40 48
41 23
15 15
30 3
12 20
4 31
34 20
42 42
7 31
18 48
44 39
27 19
36 11
37 27
3 12
26 14
7 47
39 11
30 6
21 8
18 8
33 50
20 31
8 13
43 14
36 33
45 22
32 34
13 39
27
49 49
49 47
48 45
45 44
45 44
45 43
42 42
40 41
39 41
39 39
38 37
38 34
37 33
34 32
33 32
30 23
27 23
26 19
25 14
17 13
14 11
7 10
5 9
5 7
2 6
0 2
0 1
24
49 44
48 43
47 43
43 40
40 37
38 34
36 32
34 31
34 30
32 25
31 23
26 21
25 18
24 18
22 18
22 18
22 14
14 3
11 3
7 2
5 2
2 1
2 1
0 0
5
47 42
34 30
10 26
6 20
1 18
22
50 33
24 44
45 6
8 38
37 35
36 23
3 14
45 8
49 3
26 25
20 23
3 8
13 23
44 20
11 0
13 34
46 39
24 16
9 20
24 3
38 35
50 14
11
49 48
40 46
34 37
29 37
21 29
17 26
10 26
8 14
8 13
2 9
1 6
26
11 35
43 45
15 40
0 38
2 2
20 13
23 10
34 1
11 46
15 49
4 2
36 41
41 13
14 32
28 49
35 41
14 29
14 3
43 12
19 32
31 36
47 48
3 36
38 20
48 27
5 8
4
33 39
31 36
21 19
12 17
18
43 9
17 43
26 6
8 14
20 19
22 46
10 4
40 20
24 38
24 43
23 13
18 24
1 36
38 47
48 38
36 41
48 24
18 17
11
42 47
37 43
36 38
30 38
29 31
28 30
26 24
21 17
16 13
6 8
4 0
7
9 36
43 12
15 0
31 19
23 23
10 46
35 17
4
30 43
25 30
23 25
2 7
2
29 29
14 9
11
35 3
1 8
29 28
26 1
35 41
22 33
16 21
44 33
10 44
23 10
21 31
9
40 40
11 25
39 34
49 27
29 24
35 34
2 29
10 48
45 29
2
13 13
33 27
30
29 37
5 37
37 49
37 17
42 31
23 48
48 48
35 33
42 29
27 30
11 16
6 23
33 6
44 23
49 14
12 0
22 32
11 49
1 7
43 10
25 19
46 8
28 28
34 4
11 22
45 26
42 26
7 19
42 10
24 34
22
49 50
46 48
45 48
41 47
38 43
38 39
37 38
35 38
33 38
28 36
26 35
18 21
18 20
13 20
12 15
10 11
8 6
6 5
5 5
5 4
4 2
4 1
12
0 4
0 15
41 38
35 32
49 16
33 25
12 36
5 23
34 1
32 23
11 12
31 9
4
11 3
0 17
8 40
36 19
26
50 50
47 45
46 42
46 42
45 41
44 40
43 40
40 39
37 39
35 39
32 38
30 37
27 37
22 29
17 24
15 24
14 24
13 19
10 18
9 18
9 17
6 15
6 12
6 10
5 8
1 5
16
47 50
28 27
13 32
33 33
22 4
50 29
17 42
23 19
7 38
48 40
29 49
30 38
0 39
37 33
41 17
6 25
16
24 3
43 5
25 33
13 7
13 41
8 48
19 48
2 43
15 32
25 12
45 24
29 14
10 30
6 33
41 6
13 38
22
40 20
47 28
24 26
15 44
29 12
37 33
14 43
15 8
5 39
14 38
48 32
31 35
15 44
42 12
10 23
26 12
10 19
6 7
30 26
12 46
11 45
34 29
20
47 43
8 10
47 2
27 42
28 7
37 33
2 9
39 39
2 46
20 41
25 1
45 28
10 33
3 23
24 23
9 26
38 23
25 15
38 16
20 32
2
36 25
43 22
24
47 48
47 48
47 46
45 44
43 43
41 40
39 36
35 35
30 34
29 34
29 34
27 28
26 23
20 22
19 22
17 20
16 18
14 18
12 17
5 14
3 14
2 8
1 3
0 2
2
17 13
11 46
7
36 48
9 6
42 26
18 30
11 12
35 34
27 4
3
18 18
11 25
46 35
21
5 3
0 27
37 5
16 45
39 17
50 1
7 4
44 35
41 48
24 24
15 44
33 46
13 38
33 47
22 19
24 40
0 40
34 14
50 25
6 37
35 38
19
47 45
43 41
40 35
31 33
29 32
28 32
28 28
24 24
20 22
19 20
17 19
16 18
16 18
14 14
10 10
7 9
5 7
2 5
1 2
27
49 49
48 48
48 48
47 47
47 46
46 45
46 41
42 38
39 31
36 31
33 29
32 27
29 24
23 23
22 22
21 19
21 13
20 13
19 12
12 12
11 11
10 7
6 5
1 5
0 4
0 2
0 2
17
40 5
3 6
30 37
13 24
41 26
28 13
9 20
18 46
21 22
37 41
15 50
37 10
41 4
12 48
7 14
10 21
22 13
7
36 48
33 38
31 34
27 29
16 21
5 14
4 7
18
13 50
15 8
32 44
3 29
18 19
11 35
13 1
22 9
50 6
15 22
50 10
34 27
36 39
43 0
12 4
36 34
9 14
20 31
5
33 30
28 20
25 19
23 17
21 6
19
49 50
43 47
43 45
43 42
33 41
31 40
29 38
23 38
23 37
22 37
16 32
14 29
13 28
12 26
12 17
4 15
3 7
3 4
1 3
7
29 3
8 36
7 16
34 45
29 45
10 20
7 49
24
32 30
20 26
42 41
44 33
10 44
27 27
11 12
11 37
6 37
2 41
31 14
24 25
18 23
21 41
0 41
29 38
32 13
20 2
4 30
30 47
31 42
30 35
16 42
47 14
21
27 26
38 23
0 10
25 1
19 20
34 40
44 15
37 30
9 11
32 2
21 23
25 37
47 47
3 39
39 45
33 24
18 46
18 11
45 3
26 48
47 7
18
47 46
42 42
42 40
40 39
36 36
34 31
28 29
23 29
22 21
20 20
19 15
17 12
14 11
14 7
12 7
12 5
5 3
2 0
29
1 25
28 30
34 29
46 32
33 33
2 16
7 33
21 14
24 35
18 3
17 7
7 3
35 29
17 42
42 29
12 14
44 3
35 46
37 8
0 23
10 22
35 14
49 13
32 38
12 10
26 28
24 22
36 4
6 48
9
26 49
38 4
14 23
26 2
42 33
41 10
14 25
28 29
24 19
1
32 46
29
49 49
47 46
45 45
44 42
42 42
41 41
37 40
37 39
36 37
35 34
33 30
33 28
32 27
32 23
29 22
26 19
23 14
22 13
21 12
21 11
20 9
19 9
19 8
17 6
17 4
15 2
9 2
5 0
4 0
12
15 49
34 22
5 45
47 3
27 44
46 31
2 19
32 7
11 1
26 46
28 20
32 15
13
1 42
8 35
24 44
4 49
23 8
2 13
9 10
12 14
15 10
23 4
4 35
21 4
20 35
21
14 25
39 29
14 8
8 25
22 7
7 44
0 43
15 41
38 8
8 28
8 50
44 13
11 42
3 38
44 33
18 37
30 21
33 12
36 37
35 14
31 6
23
13 6
36 2
39 11
18 4
27 24
19 6
36 4
12 1
17 7
36 17
4 31
7 20
38 39
23 41
6 21
42 47
42 11
10 39
46 18
29 48
18 6
7 33
17 16
9
10 44
30 5
10 36
23 24
35 39
21 20
22 37
14 37
21 32
29
46 46
45 44
44 42
39 41
38 41
37 38
36 37
36 36
34 34
31 31
30 31
30 30
26 27
25 25
24 23
23 22
20 21
20 17
19 16
16 16
15 13
15 12
15 9
12 9
5 8
1 5
0 4
0 3
0 3
4
37 42
33 30
31 29
8 22
1
39 27
27
4 48
20 6
28 31
27 5
7 10
27 11
39 14
33 33
30 30
3 42
41 15
44 30
46 0
23 44
10 50
4 14
14 44
5 21
0 44
2 46
47 5
4 44
28 12
13 37
5 8
33 50
8 1
9
8 39
48 11
26 49
42 19
15 50
0 30
27 43
6 2
3 8
4
16 15
41 45
21 41
35 41
9
15 34
44 17
22 22
49 49
35 3
48 29
27 24
28 40
8 45
10
35 15
38 20
25 13
20 17
38 19
10 30
23 6
20 48
44 32
19 33
17
18 5
20 39
1 41
21 34
27 3
37 22
27 39
6 0
3 47
26 40
10 21
7 50
44 24
16 40
15 5
47 28
27 19
3
42 45
30 33
9 14
10
47 46
46 45
33 41
21 37
20 28
19 17
17 9
4 3
3 2
0 0
25
50 50
50 49
49 48
42 48
40 47
40 47
39 46
38 43
37 42
35 39
34 39
33 38
32 37
31 30
31 29
29 26
22 24
21 23
18 23
16 18
11 18
9 10
5 1
4 0
2 0
3
25 16
11 34
46 7
22
23 48
20 18
7 31
8 3
20 33
32 46
47 7
42 32
6 49
24 12
47 35
26 33
28 43
22 43
41 39
20 2
12 25
8 7
20 37
35 35
18 8
37 18
9
35 45
37 0
41 35
38 22
11 0
26 9
5 15
28 36
26 40
7
0 49
6 17
45 33
50 13
27 40
35 29
31 11
29
46 37
29 31
21 15
31 2
14 19
37 2
3 42
19 35
37 38
45 22
35 3
4 14
2 47
15 48
13 3
49 21
48 33
17 34
28 24
47 4
31 5
20 31
7 15
40 22
17 40
44 26
13 0
20 11
47 8
19
50 46
41 46
39 40
37 35
35 34
33 33
31 33
31 31
30 30
24 29
24 23
24 22
23 21
13 21
13 20
5 12
4 11
4 8
0 3
16
45 44
43 44
40 40
39 39
39 37
38 37
36 36
34 30
24 29
22 27
18 20
4 20
4 14
4 13
1 11
1 7
21
42 45
47 4
6 8
38 46
41 34
26 24
14 45
21 27
25 6
10 47
33 22
10 28
48 27
14 43
17 10
41 30
21 21
40 49
31 5
44 10
39 10
25
48 49
48 48
48 47
45 43
45 43
39 42
39 41
38 39
31 38
30 37
29 35
28 30
28 28
27 27
27 24
23 23
23 21
22 15
19 13
17 12
15 11
14 11
11 1
7 0
6 0
26
10 31
22 31
10 24
12 39
43 2
29 17
48 32
37 19
30 39
15 24
27 11
50 16
28 5
38 20
10 41
3 31
26 1
3 34
21 3
46 16
24 8
38 48
16 0
4 6
3 26
1 42
22
6 1
24 47
26 50
6 50
8 13
22 22
20 49
13 39
21 33
23 38
16 45
27 30
6 46
21 25
15 12
37 3
33 24
35 47
29 29
28 28
32 19
21 34
12
34 2
19 43
1 2
3 18
16 29
14 30
8 3
18 34
28 36
37 30
19 48
24 11
30
21 30
9 46
38 44
49 22
11 29
36 35
17 25
4 27
21 26
15 0
36 5
10 38
41 13
8 32
5 11
40 40
22 45
10 48
47 17
29 13
22 11
35 29
35 20
28 47
34 27
48 2
13 33
22 23
0 15
48 24
28
47 1
34 40
12 50
23 20
20 34
7 27
27 5
24 10
14 45
42 22
34 47
17 33
12 7
48 28
49 25
23 46
22 24
5 5
37 24
9 32
34 15
48 26
43 30
44 16
35 4
50 46
44 12
40 14
26
45 6
31 1
24 42
39 26
28 14
24 14
45 27
34 1
11 44
41 38
32 40
49 11
38 29
3 44
48 12
25 22
43 16
2 6
16 30
37 19
3 40
28 35
0 44
10 11
20 21
7 44
25
0 49
10 41
15 45
38 19
7 26
47 41
16 17
48 6
28 23
34 41
14 11
22 1
18 39
41 20
21 30
38 7
11 40
23 36
2 32
5 4
29 46
35 21
37 8
27 4
6 7
13
33 50
45 7
24 7
42 38
30 25
3 7
19 28
43 1
18 34
15 6
12 32
30 37
0 17
19
48 49
46 46
41 45
38 40
38 40
37 38
33 38
31 36
28 34
27 30
25 29
22 28
21 25
15 20
11 20
9 16
8 14
6 4
2 3
5
44 36
42 33
22 28
12 14
2 7
18
45 21
29 3
2 9
2 9
37 35
1 49
44 37
49 45
15 9
44 9
9 33
50 31
45 6
7 30
21 45
3 1
43 6
14 42
24
29 16
33 19
18 26
5 40
45 38
4 11
13 30
27 47
10 48
48 38
25 24
46 7
47 13
3 41
20 47
33 14
27 18
22 20
28 11
44 39
43 27
38 0
23 36
46 41
14
46 47
43 47
40 46
29 41
25 41
22 35
22 31
16 30
14 28
13 24
12 20
12 17
6 11
4 4
3
46 44
46 35
17 15
19
34 9
5 6
34 0
6 14
34 11
3 45
24 16
30 25
36 7
46 23
41 25
17 2
43 30
4 49
4 37
17 16
40 47
39 39
45 25
24
20 4
19 13
38 2
24 17
41 40
4 39
37 8
9 37
50 38
49 12
29 45
1 31
13 49
0 43
34 26
44 31
2 50
9 11
39 33
49 30
44 37
46 40
9 42
7 47
4
21 4
12 10
49 35
14 30
22
43 20
49 50
46 50
46 33
34 27
3 28
36 41
24 14
31 41
13 29
37 40
30 38
42 37
5 43
7 20
31 19
42 32
45 10
12 43
3 27
27 15
13 2
27
43 20
2 22
6 14
29 36
18 41
40 9
29 45
34 38
3 37
49 21
10 40
43 11
47 30
44 50
6 36
12 10
21 7
42 38
37 22
33 28
8 19
34 26
31 28
6 19
3 41
38 3
40 2
27
48 45
48 45
45 37
26 18
3 40
14 9
50 26
47 23
2 2
16 31
42 28
39 41
37 36
24 37
9 31
6 27
21 39
33 3
45 12
13 16
31 22
26 44
6 36
1 6
41 2
27 25
17 18
29
49 46
49 45
48 45
46 44
45 40
42 40
40 39
36 37
35 36
33 35
28 30
23 29
23 24
22 23
21 22
21 19
20 16
16 16
15 15
15 13
14 13
12 12
12 10
9 10
7 6
7 3
7 1
3 0
1 0
5
27 8
1 0
18 25
27 15
40 50
13
49 50
41 49
41 47
39 43
38 39
35 38
14 33
14 26
13 25
13 22
10 20
6 5
3 3
13
45 48
8 36
3 28
31 17
7 24
25 49
32 40
34 21
13 41
29 7
3 25
4 0
37 1
15
37 24
27 29
34 0
4 40
34 18
0 16
17 41
42 16
3 16
11 8
41 16
16 41
48 26
44 34
39 5
23
6 5
24 17
30 38
50 35
48 42
28 7
49 50
14 36
35 47
17 47
42 40
42 12
49 29
42 0
18 26
1 29
22 20
27 5
48 45
7 38
50 16
48 46
10 31
17
49 49
48 45
41 43
41 33
38 31
33 30
31 26
29 22
26 18
21 16
16 14
11 10
11 10
11 5
6 5
2 2
1 1
13
21 25
11 6
25 50
39 27
28 39
34 21
48 7
41 44
15 21
40 48
37 38
43 48
23 16
2
40 33
24 18
3
47 50
22 28
20 21
15
12 35
8 8
3 36
12 1
30 34
48 18
16 7
7 46
6 41
27 7
31 10
7 47
5 14
49 12
37 41
4
24 47
24 41
11 30
3 9
3
34 29
44 8
18 44
8
49 47
34 40
33 35
29 29
27 29
20 28
3 5
2 0
4
50 13
45 4
26 3
48 14
17
50 50
50 50
49 45
49 43
46 41
45 39
42 37
37 34
35 29
31 23
28 22
24 21
12 17
7 16
7 15
6 5
5 3
2
3 42
33 24
2
3 4
23 31
28
12 22
26 26
27 30
22 21
14 16
23 9
31 14
1 19
23 28
0 49
26 46
35 16
30 7
2 10
47 40
27 7
23 25
34 18
14 44
43 14
39 25
39 23
38 16
4 30
42 1
26 2
25 30
15 22
20
1 44
8 11
45 40
49 50
12 17
30 40
49 22
22 29
1 35
24 28
49 42
41 32
49 40
20 47
7 31
29 33
44 46
18 28
33 2
36 0
4
15 35
1 12
27 48
12 3
25
45 19
37 40
4 5
7 38
9 39
16 39
46 27
5 1
12 14
16 43
37 44
34 2
38 47
17 5
11 32
38 28
38 22
8 47
46 4
17 8
22 42
29 12
46 8
7 10
19 47
15
47 48
46 44
41 40
41 37
35 35
35 32
33 30
22 29
16 29
10 28
4 14
4 13
3 4
3 1
1 0
8
46 47
41 47
39 45
34 18
32 7
17 6
15 4
3 0
4
27 29
35 29
48 3
31 29
13
36 36
44 29
17 31
24 37
32 8
8 19
5 42
1 30
28 1
3 23
19 15
4 34
21 39
27
42 42
2 18
9 44
34 12
24 25
31 45
47 5
41 41
45 11
43 44
3 2
42 13
35 5
13 35
47 38
13 17
28 8
30 28
1 50
44 25
0 16
14 35
41 40
12 27
32 32
41 6
26 34
27
36 38
31 45
37 21
22 39
12 12
36 10
44 49
0 21
31 40
48 26
0 9
43 20
24 11
28 44
44 24
26 37
14 12
14 9
16 24
22 40
8 21
28 4
49 37
11 20
30 12
11 38
46 50
12
50 38
11 5
33 29
23 1
32 38
14 13
39 24
46 0
38 29
25 42
40 34
50 3
6
19 24
22 19
30 29
48 35
41 31
28 25
25
50 50
27 16
30 17
29 3
18 11
42 49
46 20
37 5
50 38
45 9
48 34
14 11
42 23
17 6
43 20
40 47
18 37
16 49
7 39
12 5
4 16
25 49
19 29
8 3
9 41
10
18 46
4 42
9 46
9 10
36 22
6 27
1 22
38 30
29 13
26 26
3
17 34
7 22
1 20
19
50 44
50 42
49 37
43 35
41 32
31 31
29 30
28 26
28 26
23 25
18 23
18 22
15 22
14 20
12 14
8 12
7 8
5 3
3 2
4
25 29
19 42
9 6
36 24
23
24 37
4 11
34 5
14 42
39 39
38 13
19 18
21 43
30 18
8 4
16 49
45 21
6 31
44 1
3 4
40 19
23 6
5 48
41 45
21 22
30 1
36 36
41 14
2
40 44
16 50
23
48 20
3 32
23 0
26 48
29 44
12 25
8 14
30 37
38 36
32 16
20 39
10 0
34 9
13 38
11 7
15 45
24 6
7 1
35 37
10 4
26 49
22 10
23 44
8
37 31
27 39
3 37
43 44
2 13
38 39
17 37
9 48
13
44 46
37 44
36 42
35 41
32 39
31 36
27 35
22 22
12 21
7 13
2 7
2 4
2 2
24
13 27
30 2
3 41
19 11
35 16
30 1
2 36
15 20
22 31
44 22
30 19
48 17
49 43
41 19
46 27
47 8
0 6
47 17
29 1
42 14
6 0
18 17
13 17
9 27
11
26 28
0 4
6 19
1 5
8 2
33 49
24 48
10 13
45 25
13 29
44 15
6
19 46
26 30
46 50
6 29
18 11
45 42
13
35 42
31 42
30 36
23 24
22 24
19 24
16 22
15 22
14 11
13 9
12 8
11 5
9 2
12
12 29
40 31
16 36
1 40
46 31
45 1
5 45
3 17
24 15
28 9
1 29
11 8
17
49 6
23 10
14 5
23 36
19 15
36 24
12 27
30 2
26 19
4 12
30 33
15 49
8 36
13 41
3 25
48 44
6 35
4
32 48
14 37
12 25
7 8
13
50 48
39 48
34 44
24 41
22 30
21 27
9 25
8 24
7 13
1 13
0 8
0 4
0 2
20
49 48
49 47
47 47
46 45
45 44
44 39
41 38
40 37
36 35
35 35
35 33
33 25
31 18
27 11
26 10
25 7
23 6
15 2
10 2
1 1
6
49 50
42 39
38 38
27 34
19 32
1 4
5
15 31
23 34
17 49
45 1
28 21
20
45 22
4 15
49 26
3 3
39 10
40 24
22 8
38 23
46 23
0 31
21 20
6 31
1 4
5 39
39 41
2 6
41 46
17 26
47 37
2 15
25
33 20
5 4
8 33
12 5
25 18
20 45
42 44
41 18
49 20
44 2
15 47
20 14
6 16
19 50
27 40
27 15
13 40
14 14
26 6
41 30
49 3
36 18
43 4
29 37
23 27
8
12 45
38 23
3 41
47 0
39 40
47 11
4 26
31 35
10
43 46
42 39
35 39
31 30
30 29
26 26
26 23
16 23
11 18
0 18
13
7 17
28 43
21 18
33 34
44 11
7 48
37 33
27 49
26 44
15 9
29 34
21 49
7 19
9
42 21
40 5
20 27
0 13
1 36
20 38
9 36
34 1
31 38
3
23 36
41 7
30 1
25
50 50
50 46
48 45
47 43
44 42
39 40
39 38
36 37
36 34
31 30
29 29
29 28
28 27
28 26
26 24
21 22
19 21
16 17
16 12
15 12
10 12
10 7
8 3
4 1
1 0
12
37 12
35 34
3 49
27 11
10 31
48 25
46 46
13 1
42 5
33 9
13 19
27 5
4
6 25
25 32
15 49
11 17
13
44 45
43 39
38 38
28 35
28 32
27 25
25 21
21 19
16 18
15 8
9 7
4 3
0 1
17
42 49
42 49
42 49
38 48
32 45
31 44
29 40
26 40
26 36
22 33
21 30
17 27
16 22
16 16
15 16
11 15
7 4
17
50 44
49 42
49 42
48 38
47 37
45 35
40 35
39 33
37 23
36 13
35 9
30 8
30 7
22 6
16 4
6 3
2 3
23
33 35
12 45
45 38
19 25
32 41
3 33
46 48
44 36
27 24
13 33
15 48
19 8
37 31
2 41
12 8
15 39
17 49
4 9
39 20
8 50
1 1
17 4
35 22
26
44 11
42 24
34 38
32 24
43 20
16 47
18 23
20 26
19 23
47 0
42 33
2 38
40 34
47 4
10 8
17 6
16 3
20 36
21 48
28 42
11 30
22 40
18 41
17 45
50 10
38 1
15
22 26
43 11
30 6
42 39
9 38
12 16
2 37
10 25
16 37
39 10
13 47
35 16
5 46
6 32
24 34
18
22 9
2 16
47 44
42 6
8 3
30 11
25 47
1 11
37 48
9 10
7 29
43 18
26 17
11 45
4 23
21 15
11 47
14 23
1
35 18
1
21 17
29
50 49
50 49
45 47
44 45
43 44
43 44
40 43
39 41
39 39
38 39
38 39
38 39
37 37
32 33
32 30
31 29
31 28
30 25
28 24
25 24
23 23
22 19
20 15
19 13
12 12
10 2
10 1
8 0
1 0
25
43 36
31 3
5 12
10 9
2 30
50 5
26 11
34 27
17 21
10 21
26 4
10 6
30 33
5 25
45 2
30 6
46 33
46 46
44 39
33 8
29 31
10 31
45 7
27 14
45 33
17
44 50
43 42
39 38
35 37
28 35
26 33
23 32
18 31
18 23
17 22
16 21
13 17
13 14
10 11
9 9
6 8
0 2
27
25 33
39 33
6 42
30 43
0 27
34 11
13 15
4 1
1 10
34 2
50 19
11 44
3 2
26 37
39 27
6 14
42 28
33 18
40 47
43 26
30 41
23 46
50 9
25 26
50 18
36 50
29 34
21
7 45
48 36
10 9
0 46
43 8
45 3
20 7
39 36
30 37
47 34
6 8
40 25
29 16
19 9
9 46
38 8
17 24
22 48
33 0
1 5
40 38
9
44 31
22 0
1 16
22 43
2 11
45 17
7 41
34 38
25 26
11
8 4
34 38
22 1
31 15
39 30
15 20
12 12
44 50
34 26
18 32
21 47
595
2344 690
2507 807
2673 2325
2354 2436
2519 1163
1410 2556
2114 1439
1737 1005
827 2349
1756 1569
1715 1166
2358 580
2526 1209
2536 2499
1568 2950
1988 1240
618 2901
1984 1519
523 2257
590 2482
2365 2271
1970 2994
1729 1308
1640 2028
2929 2803
2919 672
1213 1443
515 2759
2555 603
1259 2094
2011 2328
1418 1213
1345 614
2580 714
1234 1588
1811 959
2627 1841
2876 2737
2225 2979
602 747
1021 1065
1702 1240
2273 2607
828 1030
828 1843
2634 2641
2320 973
2803 1444
542 656
2529 2640
2514 1784
2115 664
2209 854
827 2414
1992 594
549 1920
633 1850
605 2319
586 2307
902 1346
1469 1013
2394 1600
1450 2396
2658 1432
2812 1339
2059 2255
2472 2567
2589 1911
2902 2300
763 987
536 2841
1263 1271
1501 514
1032 2012
1666 986
2325 1177
1485 2508
1573 735
2800 847
2913 2899
2531 2055
2456 2098
954 1916
1591 896
2085 1997
853 1488
1417 919
2849 2819
1630 1475
2521 2134
1690 2059
545 865
2599 1694
1329 828
1224 576
1934 1753
1876 1057
1382 2859
560 1397
1309 870
2936 1951
2404 2529
716 1417
1241 1596
2333 769
951 582
1646 2396
2810 2644
2828 1115
1479 1639
2579 2212
2583 1598
1463 2598
1191 2178
1412 1542
1363 1608
964 2191
690 2821
2540 2504
2275 2902
688 1315
2878 2306
2312 1239
2900 1712
2347 2639
1046 2869
1253 2618
2810 1806
2843 522
1478 1929
665 2151
603 1763
723 2515
2845 2189
587 1212
2559 2176
1592 2629
2746 1638
1710 2403
1029 1883
1692 2687
2964 2729
2391 2460
2065 1927
793 1983
2148 1314
1263 1136
981 2080
752 1058
2875 2146
2015 1933
2716 1585
2528 760
1137 1047
2388 1432
2848 641
1159 913
643 1368
2463 1455
697 2116
2443 1603
1136 1753
1517 1715
2166 1351
2019 2992
2539 1482
772 2067
2729 2457
995 2707
909 717
2621 1110
1180 2489
1137 1814
1746 2692
2458 2677
702 2918
1867 726
2028 1443
2738 2913
1534 1610
1672 923
2142 2276
731 2539
2501 2174
705 2315
1213 2051
2330 1545
1889 1150
2245 1250
779 770
566 1933
2479 1719
2814 2921
936 1252
2530 1851
2361 501
1216 2926
817 629
1160 510
2029 2411
1186 2976
2798 687
2326 2504
1521 2700
2292 904
2171 1933
681 1146
2214 1049
720 1480
2544 1261
961 2497
1556 930
2561 1056
741 1931
2142 1477
934 2787
2936 1896
2681 1659
1832 1105
2224 2872
2910 1920
2641 2459
1975 735
2366 1323
563 926
2656 2424
2413 1553
1819 1452
2246 1285
1049 1263
707 2105
969 539
878 847
1897 1901
2141 1756
1656 1631
1953 1223
1900 2611
942 1984
2092 743
1130 2001
1060 1139
990 1791
1666 1944
1442 1511
1870 1890
1927 2888
1425 573
856 2572
2333 1387
1777 1886
808 2509
1538 1931
1509 928
537 695
809 757
2702 2801
2177 1137
1441 1904
1011 595
1277 1181
2321 1519
2269 895
2944 1809
2749 1286
605 2033
850 1292
2296 2946
1277 1374
2655 794
2481 2093
2299 2022
2347 2016
1776 1653
2190 2687
2862 1025
2705 2173
847 981
2198 2502
1789 1752
2772 506
673 1564
1324 2510
2708 1481
602 1915
1616 2025
871 922
1918 2392
2477 1690
511 1915
574 2872
2438 1197
1107 2121
2976 2801
695 577
1303 575
1083 1489
895 916
2845 2918
2855 2953
2987 1743
1209 727
1784 501
1556 2539
1118 596
910 2241
2889 1907
878 2072
2150 2759
2212 2226
2178 2432
2061 2922
1054 719
1351 616
1166 665
2922 586
2776 526
2859 2375
1699 881
1272 1640
1823 2354
573 2648
1782 1986
698 892
2670 867
2137 1254
2478 1856
635 665
1555 2586
751 2501
2763 1866
2589 2355
736 1000
2871 1351
1353 2956
2575 638
2911 2129
2618 1088
1845 625
1647 2235
2500 1608
598 2701
941 1555
953 2500
1470 1867
1564 1032
2681 1198
1568 1132
2346 2195
1774 605
2489 1716
1632 1650
1444 859
2929 1871
2038 1445
1069 529
2905 807
2997 1004
2137 1651
2715 809
2663 1146
1255 2120
1388 1871
1535 1433
2676 1230
2663 2176
1225 1060
1123 2546
2568 2849
1030 2505
1871 2669
2975 1548
1386 2406
2728 2186
1748 1275
2263 2048
2486 1412
1921 2004
1291 1098
2363 2752
2689 987
1704 2274
2440 675
1843 1680
2435 1786
713 2363
1606 2373
2813 2417
2089 2719
1024 2807
795 635
792 980
2657 1790
1509 1544
503 2276
1388 1358
2791 2426
2380 924
1772 689
2149 1876
2672 1605
2963 535
2226 1671
2868 2045
595 2167
1053 2910
684 1181
1685 918
2025 2297
590 2406
1888 1756
1196 544
1330 1470
925 604
1206 1659
2460 1721
2979 537
2626 1547
674 533
1530 1055
1768 1768
2644 732
2493 1862
2529 1380
2982 1268
1610 778
1769 1514
2737 2600
1144 1971
753 1222
2907 2428
1920 2042
2570 1684
1391 2389
1149 794
2427 2680
2456 2903
1130 1267
1605 1715
524 1638
913 2941
2729 1256
1094 1555
1877 935
1485 2728
2010 629
2565 1408
2273 819
2106 2372
2528 2445
1633 1801
553 636
1190 2453
952 527
1670 1053
1968 1922
2296 1859
2412 2726
1408 2150
1538 2429
2361 580
1082 2847
818 2926
2789 1028
1030 1509
2315 1194
746 2358
2410 963
1122 987
2659 1182
2891 2460
2388 2826
1915 752
2539 2432
1925 525
2250 2404
1714 2377
2778 2173
1981 763
1726 2766
2829 1371
1957 1482
2593 1056
2631 691
2100 2784
1823 931
616 728
1931 502
773 994
1398 989
996 2387
2499 672
2878 2057
1174 1261
1091 1910
1902 2380
2704 1436
659 680
2427 819
1954 1875
1168 2901
741 2296
2982 2374
2313 1675
2029 2901
1816 1024
1368 1677
2455 1791
661 2381
2963 987
1817 2392
1069 1782
2943 2274
2966 573
2620 2664
1795 726
2153 2020
2967 537
2471 2464
2948 1720
1393 2340
2001 548
2751 620
713 930
2848 1805
877 563
1463 1735
1305 2221
1286 2760
594 1692
2722 744
1579 1263
1302 974
1671 1792
2821 2603
2740 2345
646 2037
1793 2639
1712 2485
1723 2623
1189 1717
974 2416
1554 1139
978 1036
1680 2683
2133 2107
2233 1667
1879 2237
1955 628
1825 1162
2782 2442
2988 2631
768 2149
572 2696
1037 1020
2128 2903
1659 2126
2529 1518
2528 1386
2787 2839
2920 2211
657 985
1589 1967
615 2232
2343 2816
1612 1888
2578 605
2222 2313
2015 2528
1657 2508
1619 2130
1313 1853
1826 2813
1924 794
862 904
1333 2593
1954 2791
1583 1836
1581 2730
1893 1392
2547 2929
729 603
1990 1511
2492 1030
1655 1163
2999 1580
1847 1459
973 2439
2791 2533
777 2894
1290 2403
1828 1044
1305 1311
2537 2753
537 1211
836
547 2934
2418 950
2226 2683
1858 2265
601 846
863 2344
2193 2532
2710 2194
974 1672
2594 1609
2623 1851
2036 2642
1487 2484
855 1010
668 2822
2770 1779
908 2370
595 1312
1766 1882
1686 725
1869 1599
2819 2773
531 1628
2427 1248
2959 1924
1076 2207
1006 653
2232 2368
2679 2524
2916 2861
2920 1861
1515 2769
1296 1731
1693 1864
2814 860
659 1699
1121 1476
2104 1798
1442 1507
1974 1464
1438 2327
572 1135
685 1013
1771 754
1657 643
2298 2981
1002 1567
2514 1799
2793 2713
566 1414
2549 1105
2246 1985
819 1543
2712 2831
625 1499
2748 1378
1037 1500
2723 2497
2645 791
732 2053
2863 2319
1677 1436
1438 912
1474 893
1128 1565
658 2296
1315 2586
1588 1284
2234 1854
2707 1297
754 593
555 1993
1840 2260
2705 770
1031 2645
2804 1048
2979 1950
1373 1750
1207 2913
2920 2545
2773 1328
2926 2543
2329 736
1935 2441
1486 1401
1291 603
967 2862
2297 891
2902 1214
664 1464
2778 1459
2859 2924
2872 853
1116 1671
551 2051
1425 1146
2479 2883
1542 1013
1693 2674
989 2297
2827 1028
2771 1269
2590 2100
757 1602
941 2265
2112 2335
1883 1216
2823 1734
2550 525
2004 983
1126 2386
1758 2175
2040 1444
2404 2193
1043 1055
1871 1555
1401 1926
942 2062
1862 2330
1021 730
746 2533
2778 1868
1343 1184
2677 1937
1871 935
2092 1944
2199 1104
909 2236
553 1259
2491 2256
878 1313
1011 664
2264 749
1447 2128
2092 1231
1770 2235
2240 1389
1618 768
2409 1881
2655 1659
1080 1207
2235 2861
789 2065
1853 1181
949 1714
1673 1101
661 2381
2310 2350
2907 2164
1756 1952
2497 2580
2429 938
1132 1657
1246 2953
921 1589
1737 2423
637 2439
2717 2595
2735 2404
2275 1213
740 1758
1095 1816
2685 1634
2547 2948
555 1346
1653 630
2654 2018
1993 2996
2556 1563
1331 1677
2463 2469
1003 1725
921 712
2452 2178
1633 702
2913 2356
2633 2088
1055 1778
2128 2573
2318 938
2385 2296
2988 1080
1822 905
2318 1605
2954 2812
1400 1857
1615 1861
1957 2234
2058 1989
2741 1868
2246 1247
2687 865
1039 1620
2905 2847
1836 2817
997 1995
1567 1133
2104 1664
1252 2345
1228 1985
2889 1843
1160 2209
1434 2677
1838 1636
794 2238
739 1681
780 1515
847 1570
742 2710
2083 2251
1790 2764
1508 2137
789 2552
1961 905
2504 1434
652 2206
688 1408
709 1328
2387 653
2123 1830
1432 2096
1773 2900
749 2809
2975 2925
1289 1693
533 2938
2528 1255
2276 2699
1975 1965
1865 2455
1940 2544
2251 2262
772 1347
643 1938
627 2731
1186 1754
2646 2542
1775 821
2619 2454
1942 2174
2613 1847
1188 1113
1007 566
1997 2712
2350 1685
2931 1073
2392 2277
2631 2285
636 693
1866 641
2508 958
596 1282
1411 1819
2115 650
1099 1188
1744 1988
2439 2779
552 1669
676 2069
2038 1620
2183 2996
2955 1226
2194 1347
2678 978
1611 2549
1113 2063
1568 2717
1644 917
1061 707
2907 2598
1833 2642
2194 1870
1714 1223
2254 2702
2177 2283
1864 1499
1291 570
1130 1919
825 518
2632 1093
1420 1502
2710 1966
620 1826
1786 2725
1368 2185
2464 1397
1339 1052
1923 1080
2591 2175
1202 1696
2104 1857
785 555
776 2012
1001 2918
1250 2270
2241 1840
1109 1571
1719 713
2676 921
1398 883
2188 2515
1741 2300
1060 2839
2489 1144
2989 647
2663 2856
2440 1207
1881 1691
524 2623
583 973
840 685
577 2249
835 1997
1691 2130
818 774
511 1544
1342 1004
2304 741
2225 2072
1760 1539
1904 1943
2991 897
2241 2848
2580 562
1860 1160
2934 1663
933 2442
2235 2299
899 2938
2475 2916
828 2323
1448 1551
600 777
1840 1809
824 1826
2214 1499
2157 1014
535 1995
1969 1198
671 2193
1230 2523
2632 2888
1181 2318
2225 596
2340 2383
1943 1712
2784 2527
2303 1778
2345 552
2101 2413
1848 2109
2026 1189
2494 2196
1293 1272
720 2503
1222 2953
923 1098
813 1036
953 2977
1655 1864
2238 2738
2626 1896
2142 2939
1330 733
1795 701
2643 2616
2741 683
2031 2171
1073 2433
2321 1440
1978 2801
830 1207
2432 757
554 1332
2728 2939
1659 1080
1537 541
2571 2793
811 2199
975 1925
2490 2622
1175 1849
1456 1325
1269 1091
2652 2318
887 2107
1824 2415
1792 1217
1024 779
1219 1011
1656 1978
2322 1414
1030 2735
2978 783
1086 2270
1315 1191
1655 1900
2862 572
2945 2342
1557 2352
2919 2156
1330 786
1400 1218
2827 3000
1168 2627
1438 865
1747 2704
2967 2705
585 2332
2417 1029
1080 2451
1453 2966
540 1285
653 1973
1008 1398
619 1020
1377 986
2467 724
527 2619
2583 882
843 639
2786 2347
2969 618
883 1835
2344 2996
1349 1609
828 1898
684 2877
1169 2611
2677 1668
1384 2735
628 2457
2548 789
1396 754
890 1374
2875 557
892 921
1739 2569
1966 2192
2832 1797
2948 1310
2740 1657
2091 1431
725 1758
1506 973
665 899
1859 2208
2150 2719
2093 1034
1871 1151
2781 2360
2833 2944
1561 986
2456 2323
2618 2923
677 875
2345 2629
812 913
1335 2301
2769 2698
527 2347
2516 2251
538 1666
1567 678
2805 1454
1185 954
1085 990
1730 1203
1597 3000
2772 859
1108 1999
1456 2153
641 1652
2726 1684
2497 3000
2172 1263
2925 1782
1369 731
573 903
1081 2865
1376 2236
2694 2361
631 982
1270 2267
2109 574
1703 1379
2858 2236
1722 837
1682 1408
1195 797
1298 807
2898 2758
879 2130
2475 2486
2047 1364
1019 1506
1956 1734
1903 943
2565 2305
1311 534
2746 2511
2387 2967
1478 2123
646 998
821 1809
2980 805
1840 945
1953 1714
519 1411
2589 2156
578 1920
2447 1125
1577 1773
1121 2285
1781 1430
942 1149
1558 2825
1925 1540
2787 2919
2757 2133
1234 1903
944 1540
2257 1063
2983 1964
1878 695
1504 2346
1019 881
879 1829
2746 1675
2167 866
785 2971
2999 2426
918 1354
970 1124
1082 2746
2232 1965
2948 1284
2953 2918
1493 1413
2684 1710
2962 2541
1610 1967
1948 1506
1257 1025
1783 1092
2647 1008
1642 1168
2048 2082
1107 2686
1706 2972
839 1487
870 2168
2020 2026
2044 2552
737 2666
718 636
2906 2775
2719 961
2395 853
2515 1667
2881 1920
2538 2265
1786 2506
2695 861
2486 1951
2089 1588
1339 1970
1497 1697
1778 1570
628 2461
529 1295
1768 2137
842 1114
2775 2474
1405 2260
855 1348
593 756
2489 2011
1114 1844
2397 1775
604 1252
2107 666
1818 2440
2188 2951
911 2526
2876 828
2060 728
653 2076
1964 1075
1214 2984
705 2660
2774 1283
1646 2042
1563 1220
2948 752
1909 2308
2390 998
922 663
1870 1123
2486 1452
2468 2333
1076 731
1371 1455
1284 1337
1406 1937
2260 2774
1150 1366
2038 1483
2905 1375
1487 2970
1593 1360
1936 2600
624 2419
650 1515
2855 1505
665 2227
1054 561
2434 2638
2409 817
2837 955
843 1931
904 2708
1059 2648
978 2617
1018 1059
746 2149
2859 1328
1815 690
2699 2553
2824 1259
1197 2760
2374 829
1392 2289
1335 503
1209 2621
1325 858
548 1955
1041 814
1085 1074
1835 2440
2887 2372
589 1381
2216 555
520 2906
2418 2013
1800 1631
2792 1053
1155 885
1699 1303
1940 1795
1914 1823
555 742
1120 1957
2230 1901
2380 1127
2154 2320
2354 2680
2753 967
2006 687
1953 1618
1684 2299
1883 1937
663 2553
1819 1981
1901 1221
1796 2045
1938 559
674 1359
2085 2479
2581 2261
2519 1683
2272 1036
2201 1389
1497 1323
2215 2011
1716 582
2446 1350
570 1132
2671 1040
2339 1779
1627 1592
758 1664
2781 1102
2517 1000
581 1068
818 2900
986 2261
932 1079
1385 2338
856 796
1705 2696
1202 2272
1337 1376
2077 2788
1609 2144
1957 1984
1132 1488
1168 2677
1471 1680
2222 2069
2267 863
2391 2284
745 1004
2845 2984
938 1767
1035 2915
1254 1501
1879 674
1134 2269
1304 1739
1726 2620
2162 2563
2640 1372
1426 2613
1714 2629
2416 2172
2428 2349
2695 2028
1751 796
2098 2136
2649 2877
950 2562
1956 870
1881 3000
1325 2016
1829 2447
1937 2011
1257 1764
1715 1359
640 2952
2867 975
1076 2043
999 1143
810 1260
2578 2347
686 1869
2136 1386
2339 1842
1933 2404
735 1920
1125 1541
825 917
587 2885
1134 511
1569 648
1062 1192
1801 1384
1390 2945
1377 2107
1311 1165
2724 2920
2710 1805
2497 1876
1349 1811
1694 1455
1538 634
1284 1202
2379 2206
2642 550
2313 1208
578 976
2887 1562
1201 778
1536 686
2474 1814
601 2736
791 2376
912 2330
2957 1739
1427 2075
2613 2089
2908 1469
2918 2195
655 832
1722 1753
1874 2829
1374 1914
1892 2583
2863 506
2424 2507
761 2471
2407 2979
2709 530
2976 1451
516 1196
1852 1502
1118 2876
2448 2517
2905 2983
630 992
2773 692
1076 669
2676 1494
2585 592
1318 2339
2816 1501
2798 1053
756 2743
2322 2707
1324 2978
770 840
1474 2845
2775 665
2480 2000
800 2931
1345 1694
759 937
1582 2978
1081 2804
2800 2334
2020 1393
2154 585
719 539
2921 1293
817 2667
2544 2275
905 1620
1871 2720
884 637
721 808
2965 2956
2708 1248
1944 1820
1691 2789
1668 1196
2367 1023
1284 1469
2307 1636
1305 2424
994 639
833 772
628 1118
2963 2944
738 1152
994 1378
1484 2745
0
