0 0 15 0 14 0 4.30
10 0 18 8 16 0 1.15
0 0 20 20 0 13 4.85
11 0 8 0 13 20 1.00
3 19 16 19 6 0 0.85
12 0 0 17 9 8 4.50
14 0 0 10 15 4 2.80
6 1 0 0 0 7 1.80
0 0 0 6 0 16 0.60
0 0 8 20 0 3 3.25
0 12 7 0 0 10 1.40
19 8 3 11 6 6 2.05
10 16 9 0 4 20 2.60
13 0 4 0 17 0 4.25
0 0 0 0 2 0 0.30
3 12 8 0 0 0 0.05
0 3 10 6 0 10 4.65
0 4 0 19 19 3 4.75
10 17 0 0 10 0 3.15
7 5 0 0 0 15 2.60
0 0 10 19 1 0 4.40
0 8 17 12 19 0 2.65
0 6 0 20 0 0 1.95
0 14 0 13 3 0 4.75
9 16 11 0 1 14 3.85
16 0 19 0 0 3 4.00
18 3 11 0 9 16 0.85
7 4 1 2 2 0 1.35
0 10 11 0 0 0 2.00
1 19 11 0 17 12 4.10
13 6 0 0 0 16 3.90
11 0 0 0 0 2 4.20
5 0 0 12 9 0 4.95
8 6 0 9 0 19 1.90
9 0 11 17 20 0 4.20
0 12 16 19 0 12 3.75
10 19 12 9 20 0 0.95
18 0 0 20 5 1 4.85
20 9 4 4 8 0 3.35
0 14 10 0 18 14 1.25
0 20 0 4 0 11 0.85
0 13 19 19 0 0 0.95
18 0 0 0 2 0 0.25
1 12 19 4 0 0 4.25
10 15 0 0 15 19 0.65
7 0 10 1 0 1 2.85
7 9 16 17 14 4 3.00
19 11 0 2 0 0 2.05
5 0 0 9 7 0 0.80
8 4 15 4 14 20 0.40
10 20 6 1 0 1 1.90
10 0 0 0 0 2 0.25
16 8 11 9 8 0 2.25
0 0 0 0 11 0 4.45
17 8 0 0 19 0 1.80
0 17 10 15 18 20 0.15
20 0 8 13 0 13 1.55
14 0 0 0 0 10 1.20
9 18 0 8 0 19 3.45
19 3 0 20 7 2 2.10
18 2 0 8 0 14 0.10
0 2 11 18 0 0 1.50
18 13 5 16 13 0 0.80
14 8 19 0 0 0 4.20
17 12 0 15 0 0 4.45
0 0 14 11 7 0 4.30
1 8 0 0 0 9 3.50
10 4 6 0 7 15 1.10
15 7 0 0 0 11 2.00
12 0 0 19 0 0 1.75
0 6 16 0 7 0 3.10
0 0 0 0 17 0 1.10
0 0 8 7 0 0 1.20
0 0 0 12 13 8 4.05
11 9 0 19 0 13 0.90
17 8 0 0 0 0 0.70
11 0 11 0 20 6 1.55
12 20 0 0 1 15 1.85
16 5 9 0 0 0 2.75
20 0 18 17 7 5 1.15
0 15 0 0 5 5 3.00
11 19 10 0 0 0 2.05
9 0 0 0 0 0 0.25
0 0 2 19 8 0 3.20
0 9 14 0 18 4 0.95
4 0 13 4 8 6 4.75
0 0 6 18 6 4 1.40
14 0 0 11 20 0 1.65
5 7 14 2 10 8 0.55
6 14 0 19 0 0 4.65
20 4 12 13 0 13 3.30
0 2 12 3 0 11 2.05
0 0 5 0 0 15 1.75
0 10 1 17 3 3 5.00
0 7 8 5 1 13 3.85
10 0 0 11 0 0 2.35
7 20 0 0 0 0 1.10
7 1 0 0 0 0 0.20
0 5 16 0 0 13 3.85
0 1 2 17 9 0 0.10
20 0 0 0 14 17 1.00
0 14 19 0 7 4 2.85
0 14 20 14 20 18 1.80
9 9 11 6 5 8 2.75
0 2 11 7 0 13 0.65
8 11 18 4 3 0 1.95
19 17 18 10 0 0 4.95
14 0 0 0 9 0 2.55
0 0 0 0 0 11 4.60
0 0 13 1 0 4 1.10
7 1 1 0 5 8 4.15
10 9 7 3 17 0 4.05
0 0 0 0 2 19 3.00
3 0 0 19 0 0 1.35
0 7 8 5 16 11 0.45
0 4 0 7 17 0 3.40
0 12 4 17 11 0 0.20
3 0 11 0 0 2 2.70
1 1 4 0 0 20 3.05
19 1 0 0 0 0 0.55
3 0 3 20 0 0 4.35
1 18 7 9 0 0 0.25
2 13 16 13 0 8 3.20
15 0 6 0 0 3 4.10
6 6 0 11 0 0 3.25
3 16 19 0 0 16 1.60
9 11 0 6 15 9 1.60
0 0 0 3 14 6 0.30
7 0 0 0 8 0 4.25
11 2 0 7 0 0 1.20
9 9 16 0 0 0 3.80
14 14 11 18 0 0 2.85
2 0 0 0 9 6 3.70
4 14 0 0 5 0 1.85
0 3 14 0 20 0 2.95
7 12 0 0 0 8 3.35
0 0 11 9 0 12 4.25
0 0 0 12 10 0 0.95
10 9 6 3 3 20 0.55
12 0 0 18 11 2 2.25
20 17 17 6 11 17 2.10
6 1 5 4 0 19 3.20
5 0 0 11 10 18 0.10
0 20 4 0 0 12 4.65
7 5 3 7 16 0 2.80
0 12 0 20 16 12 1.75
0 0 2 1 0 3 0.35
7 20 0 2 20 0 2.45
14 12 13 20 19 12 3.25
0 11 10 9 5 5 0.50
10 0 0 0 9 11 2.90
0 3 0 9 4 0 3.15
0 6 19 8 0 3 3.65
20 3 5 1 17 8 4.30
0 0 10 0 1 0 1.75
14 11 10 0 7 15 1.85
0 6 0 0 10 5 1.05
0 13 20 0 7 18 0.10
0 14 0 0 0 0 0.30
8 0 1 0 9 10 4.15
1 10 3 8 0 13 3.30
0 10 0 7 0 1 3.30
0 0 14 0 0 0 0.90
0 0 12 11 0 20 4.00
0 14 0 0 0 0 1.10
0 19 0 0 0 15 2.05
0 1 12 6 0 0 4.45
17 13 5 0 0 8 1.15
17 20 0 15 0 0 3.65
1 10 20 0 3 0 0.70
13 19 9 0 0 1 2.80
4 0 0 0 7 0 1.50
19 0 3 0 20 2 0.75
0 0 0 4 0 9 2.30
7 13 16 13 12 7 3.55
0 0 6 0 17 3 2.10
13 17 20 10 0 5 1.10
10 9 4 0 0 0 0.65
0 13 9 5 0 8 2.25
10 0 0 17 0 19 4.75
4 16 12 10 14 15 4.85
0 11 11 1 7 0 2.15
9 0 4 11 3 0 4.25
0 0 0 2 2 16 3.35
7 12 0 0 7 0 1.65
0 0 14 13 0 15 2.55
5 17 7 1 7 0 4.65
14 0 6 0 0 0 1.50
20 16 0 0 20 3 0.30
0 4 3 13 0 0 0.75
20 10 5 0 0 0 2.05
11 14 17 0 17 0 0.20
19 13 13 0 11 0 4.25
18 0 2 11 0 10 3.30
0 0 13 6 0 0 2.70
0 0 0 8 20 14 3.10
7 19 0 10 0 12 1.40
11 16 0 0 0 16 2.25
0 0 1 0 0 0 0.05
0 0 0 6 0 3 3.90
0 0 0 0 0 0
